    0.000000000    0.004568454    0.045775543
    0.044125103    0.004216283    0.042562340
    0.088250205    0.003883428    0.039546402
    0.132375308    0.003567854    0.036719306
    0.176500411    0.003274123    0.034072487
    0.220625513    0.003008585    0.031597340
    0.264750616    0.002773354    0.029285326
    0.308875719    0.002563485    0.027128046
    0.353000821    0.002369393    0.025117259
    0.397125924    0.002182760    0.023244876
    0.441251027    0.002001612    0.021502958
    0.485376129    0.001830844    0.019883746
    0.529501232    0.001677808    0.018379729
    0.573626335    0.001546156    0.016983710
    0.617751437    0.001432440    0.015688847
    0.661876540    0.001327950    0.014488636
    0.706001643    0.001224448    0.013376872
    0.750126745    0.001119624    0.012347608
    0.794251848    0.001018273    0.011395155
    0.838376951    0.000928326    0.010514116
    0.882502053    0.000854622    0.009699429
    0.926627156    0.000794953    0.008946390
    0.970752259    0.000741291    0.008250626
    1.014877361    0.000685288    0.007608034
    1.059002464    0.000624057    0.007014730
    1.103127567    0.000561999    0.006467027
    1.147252669    0.000507326    0.005961464
    1.191377772    0.000465822    0.005494837
    1.235502875    0.000436374    0.005064225
    1.279627977    0.000411554    0.004666960
    1.323753080    0.000382837    0.004300569
    1.367878183    0.000346640    0.003962717
    1.412003285    0.000306787    0.003651181
    1.456128388    0.000271577    0.003363871
    1.500253491    0.000247589    0.003098873
    1.544378593    0.000234739    0.002854471
    1.588503696    0.000226205    0.002629128
    1.632628799    0.000213283    0.002421437
    1.676753901    0.000191644    0.002230056
    1.720879004    0.000164412    0.002053686
    1.765004107    0.000139819    0.001891094
    1.809129209    0.000125117    0.001741152
    1.853254312    0.000121208    0.001602874
    1.897379415    0.000121897    0.001475405
    1.941504517    0.000118337    0.001357970
    1.985629620    0.000105431    0.001249820
    2.029754723    0.000085514    0.001150204
    2.073879825    0.000066616    0.001058389
    2.118004928    0.000056567    0.000973706
    2.162130031    0.000057226    0.000895590
    2.206255133    0.000063074    0.000823577
    2.250380236    0.000065186    0.000757263
    2.294505339    0.000057713    0.000696240
    2.338630441    0.000042137    0.000640076
    2.382755544    0.000026182    0.000588324
    2.426880647    0.000018163    0.000540578
    2.471005749    0.000020883    0.000496507
    2.515130852    0.000029554    0.000455872
    2.559255955    0.000035245    0.000418473
    2.603381057    0.000031389    0.000384104
    2.647506160    0.000018566    0.000352513
    2.691631263    0.000004091    0.000323418
    2.735756365   -0.000003327    0.000296556
    2.779881468    0.000000038    0.000271730
    2.824006571    0.000010181    0.000248822
    2.868131673    0.000018255    0.000227752
    2.912256776    0.000017011    0.000208428
    2.956381879    0.000006097    0.000190705
    3.000506981   -0.000007673    0.000174396
    3.044632084   -0.000015287    0.000159320
    3.088757187   -0.000012117    0.000145350
    3.132882289   -0.000001330    0.000132436
    3.177007392    0.000008399    0.000120567
    3.221132495    0.000009202    0.000109718
    3.265257597   -0.000000231    0.000099808
    3.309382700   -0.000013675    0.000090704
    3.353507803   -0.000021902    0.000082271
    3.397632905   -0.000019417    0.000074419
    3.441758008   -0.000008496    0.000067132
    3.485883111    0.000002449    0.000060439
    3.530008213    0.000004994    0.000054354
    3.574133316   -0.000003140    0.000048836
    3.618258419   -0.000016401    0.000043785
    3.662383521   -0.000025441    0.000039089
    3.706508624   -0.000023935    0.000034677
    3.750633727   -0.000013224    0.000030551
    3.794758829   -0.000001363    0.000026759
    3.838883932    0.000002744    0.000023343
    3.883009035   -0.000004158    0.000020285
    3.927134137   -0.000017264    0.000017507
    3.971259240   -0.000027201    0.000014910
    4.015384343   -0.000026862    0.000012431
    4.059509445   -0.000016613    0.000010077
    4.103634548   -0.000004056    0.000007909
    4.147759651    0.000001500    0.000005983
    4.191884753   -0.000004163    0.000004301
    4.236009856   -0.000017063    0.000002798
    4.280134959   -0.000027903    0.000001380
    4.324260061   -0.000028844   -0.000000012
    4.368385164   -0.000019248   -0.000001372
    4.412510267   -0.000006172   -0.000002634
    4.456635369    0.000000757   -0.000003731
    4.500760472   -0.000003627   -0.000004648
    4.544885575   -0.000016232   -0.000005438
    4.589010677   -0.000027935   -0.000006192
    4.633135780   -0.000030230   -0.000006974
    4.677260883   -0.000021449   -0.000007777
    4.721385985   -0.000008016   -0.000008537
    4.765511088    0.000000218   -0.000009176
    4.809636191   -0.000002836   -0.000009669
    4.853761293   -0.000015033   -0.000010062
    4.897886396   -0.000027531   -0.000010442
    4.942011499   -0.000031222   -0.000010877
    4.986136601   -0.000023399   -0.000011368
    5.030261704   -0.000009760   -0.000011848
    5.074386807   -0.000000285   -0.000012237
    5.118511909   -0.000001950   -0.000012498
    5.162637012   -0.000013614   -0.000012669
    5.206762115   -0.000026814   -0.000012836
    5.250887217   -0.000031922   -0.000013073
    5.295012320   -0.000025181   -0.000013387
    5.339137423   -0.000011486   -0.000013714
    5.383262525   -0.000000838   -0.000013967
    5.427387628   -0.000001061   -0.000014103
    5.471512731   -0.000012060   -0.000014151
    5.515637833   -0.000025856   -0.000014197
    5.559762936   -0.000032384   -0.000014319
    5.603888039   -0.000026844   -0.000014531
    5.648013141   -0.000013241   -0.000014773
    5.692138244   -0.000001500   -0.000014957
    5.736263347   -0.000000233   -0.000015028
    5.780388449   -0.000010432   -0.000015009
    5.824513552   -0.000024704   -0.000014983
    5.868638655   -0.000032638   -0.000015036
    5.912763757   -0.000028404   -0.000015188
    5.956888860   -0.000015045   -0.000015386
    6.001013963   -0.000002298   -0.000015535
    6.045139065    0.000000498   -0.000015576
    6.089264168   -0.000008766   -0.000015522
    6.133389271   -0.000023384   -0.000015454
    6.177514373   -0.000032694   -0.000015463
    6.221639476   -0.000029863   -0.000015579
    6.265764579   -0.000016902   -0.000015753
    6.309889681   -0.000003247   -0.000015890
    6.354014784    0.000001105   -0.000015919
    6.398139887   -0.000007092   -0.000015848
    6.442264989   -0.000021915   -0.000015755
    6.486390092   -0.000032560   -0.000015735
    6.530515195   -0.000031219   -0.000015828
    6.574640297   -0.000018809   -0.000015989
    6.618765400   -0.000004357   -0.000016124
    6.662890503    0.000001566   -0.000016154
    6.707015606   -0.000005433   -0.000016077
    6.751140708   -0.000020313   -0.000015969
    6.795265811   -0.000032235   -0.000015928
    6.839390914   -0.000032461   -0.000016004
    6.883516016   -0.000020759   -0.000016160
    6.927641119   -0.000005630   -0.000016299
    6.971766222    0.000001867   -0.000016337
    7.015891324   -0.000003809   -0.000016261
    7.060016427   -0.000018591   -0.000016144
    7.104141530   -0.000031720   -0.000016087
    7.148266632   -0.000033579   -0.000016151
    7.192391735   -0.000022741   -0.000016306
    7.236516838   -0.000007067   -0.000016456
    7.280641940    0.000001994   -0.000016507
    7.324767043   -0.000002241   -0.000016438
    7.368892146   -0.000016763   -0.000016316
    7.413017248   -0.000031013   -0.000016248
    7.457142351   -0.000034560   -0.000016303
    7.501267454   -0.000024743   -0.000016460
    7.545392556   -0.000008666   -0.000016623
    7.589517659    0.000001934   -0.000016692
    7.633642762   -0.000000747   -0.000016635
    7.677767864   -0.000014842   -0.000016514
    7.721892967   -0.000030114   -0.000016440
    7.766018070   -0.000035394   -0.000016490
    7.810143172   -0.000026751   -0.000016653
    7.854268275   -0.000010425   -0.000016835
    7.898393378    0.000001676   -0.000016928
    7.942518480    0.000000652   -0.000016891
    7.986643583   -0.000012845   -0.000016778
    8.030768686   -0.000029027   -0.000016703
    8.074893788   -0.000036069   -0.000016754
    8.119018891   -0.000028754   -0.000016930
    8.163143994   -0.000012346   -0.000017138
    8.207269096    0.000001194   -0.000017265
    8.251394199    0.000001913   -0.000017257
    8.295519302   -0.000010823   -0.000017163
    8.339644404   -0.000027803   -0.000017098
    8.383769507   -0.000036636   -0.000017161
    8.427894610   -0.000030806   -0.000017361
    8.472019712   -0.000014489   -0.000017609
    8.516144815    0.000000424   -0.000017784
    8.560269918    0.000002980   -0.000017823
    8.604395020   -0.000008807   -0.000017766
    8.648520123   -0.000026435   -0.000017729
    8.692645226   -0.000037053   -0.000017824
    8.736770328   -0.000032847   -0.000018068
    8.780895431   -0.000016801   -0.000018380
    8.825020534   -0.000000597   -0.000018631
    8.869145636    0.000003870   -0.000018746
    8.913270739   -0.000006790   -0.000018757
    8.957395842   -0.000024915   -0.000018782
    9.001520944   -0.000037310   -0.000018942
    9.045646047   -0.000034869   -0.000019270
    9.089771150   -0.000019285   -0.000019687
    9.133896252   -0.000001895   -0.000020060
    9.178021355    0.000004544   -0.000020303
    9.222146458   -0.000004812   -0.000020437
    9.266271560   -0.000023273   -0.000020583
    9.310396663   -0.000037423   -0.000020872
    9.354521766   -0.000036889   -0.000021352
    9.398646868   -0.000021971   -0.000021950
    9.442771971   -0.000003516   -0.000022530
    9.486897074    0.000004939   -0.000022991
    9.531022176   -0.000002938   -0.000023348
    9.575147279   -0.000021567   -0.000023722
    9.619272382   -0.000037440   -0.000024254
    9.663397484   -0.000038949   -0.000025010
    9.707522587   -0.000024912   -0.000025925
    9.751647690   -0.000005535   -0.000026860
    9.795772792    0.000004963   -0.000027704
    9.839897895   -0.000001265   -0.000028460
    9.884022998   -0.000019884   -0.000029249
    9.928148100   -0.000037437   -0.000030231
    9.972273203   -0.000041128   -0.000031485
   10.016398306   -0.000028204   -0.000032961
   10.060523408   -0.000008076   -0.000034518
   10.104648511    0.000004467   -0.000036034
   10.148773614    0.000000042   -0.000037503
   10.192898716   -0.000018392   -0.000039050
   10.237023819   -0.000037584   -0.000040849
   10.281148922   -0.000043604   -0.000043003
   10.325274024   -0.000032050   -0.000045478
   10.369399127   -0.000011375   -0.000048134
   10.413524230    0.000003182   -0.000050840
   10.457649332    0.000000695   -0.000053584
   10.501774435   -0.000017387   -0.000056497
   10.545899538   -0.000038179   -0.000059772
   10.590024640   -0.000046690   -0.000063542
   10.634149743   -0.000036795   -0.000067793
   10.678274846   -0.000015824   -0.000072395
   10.722399948    0.000000668   -0.000077212
   10.766525051    0.000000218   -0.000082230
   10.810650154   -0.000017372   -0.000087590
   10.854775256   -0.000039756   -0.000093515
   10.898900359   -0.000050964   -0.000100175
   10.943025462   -0.000043082   -0.000107590
   10.987150564   -0.000022147   -0.000115646
   11.031275667   -0.000003881   -0.000124213
   11.075400770   -0.000002273   -0.000133283
   11.119525872   -0.000019295   -0.000143019
   11.163650975   -0.000043324   -0.000153686
   11.207776078   -0.000057513   -0.000165507
   11.251901180   -0.000052097   -0.000178552
   11.296026283   -0.000031644   -0.000192741
   11.340151386   -0.000011886   -0.000207966
   11.384276488   -0.000008308   -0.000224240
   11.428401591   -0.000024794   -0.000241769
   11.472526694   -0.000050638   -0.000260883
   11.516651796   -0.000068230   -0.000281886
   11.560776899   -0.000065906   -0.000304927
   11.604902002   -0.000046589   -0.000329989
   11.649027104   -0.000025841   -0.000357016
   11.693152207   -0.000020612   -0.000386076
   11.737277310   -0.000036827   -0.000417449
   11.781402412   -0.000064906   -0.000451573
   11.825527515   -0.000086612   -0.000488879
   11.869652618   -0.000088336   -0.000529645
   11.913777720   -0.000071170   -0.000573971
   11.957902823   -0.000050320   -0.000621902
   12.002027926   -0.000044148   -0.000673615
   12.046153028   -0.000060757   -0.000729530
   12.090278131   -0.000091919   -0.000790263
   12.134403234   -0.000118921   -0.000856452
   12.178528336   -0.000126182   -0.000928590
   12.222653439   -0.000112775   -0.001006984
   12.266778542   -0.000093346   -0.001091875
   12.310903644   -0.000087617   -0.001183652
   12.355028747   -0.000106011   -0.001282986
   12.399153850   -0.000141901   -0.001390797
   12.443278952   -0.000176275   -0.001508075
   12.487404055   -0.000191567   -0.001635682
   12.531529158   -0.000184635   -0.001774288
   12.575654260   -0.000169352   -0.001924504
   12.619779363   -0.000166730   -0.002087109
   12.663904466   -0.000189662   -0.002263223
   12.708029568   -0.000233392   -0.002454297
   12.752154671   -0.000278817   -0.002661916
   12.796279774   -0.000306380   -0.002887576
   12.840404876   -0.000310532   -0.003132596
   12.884529979   -0.000304141   -0.003398250
   12.928655082   -0.000309440   -0.003686028
   12.972780184   -0.000341966   -0.003997856
   13.016905287   -0.000399149   -0.004336105
   13.061030390   -0.000462048   -0.004703392
   13.105155492   -0.000509148   -0.005102317
   13.149280595   -0.000532307   -0.005535347
   13.193405698   -0.000543157   -0.006004948
   13.237530800   -0.000565097   -0.006513895
   13.281655903   -0.000616508   -0.007065542
   13.325781006   -0.000697380   -0.007663873
   13.369906108   -0.000789240   -0.008313291
   13.414031211   -0.000868677   -0.009018314
   13.458156314   -0.000924770   -0.009783420
   13.502281416   -0.000967681   -0.010613183
   13.546406519   -0.001021921   -0.011512640
   13.590531622   -0.001108968   -0.012487643
   13.634656724   -0.001231818   -0.013544963
   13.678781827   -0.001372857   -0.014692073
   13.722906930   -0.001506908   -0.015936792
   13.767032032   -0.001620128   -0.017287071
   13.811157135   -0.001721001   -0.018751137
   13.855282238   -0.001835165   -0.020337943
   13.899407340   -0.001987564   -0.022057634
   13.943532443   -0.002184794   -0.023921738
   13.987657546   -0.002410654   -0.025942941
   14.031782648   -0.002638439   -0.028134640
   14.075907751   -0.002851315   -0.030510653
   14.120032854   -0.003055944   -0.033085353
   14.164157956   -0.003279190   -0.035874237
   14.208283059   -0.003549969   -0.038894576
   14.252408162   -0.003879278   -0.042165733
   14.296533264   -0.004253059   -0.045708920
   14.340658367   -0.004643483   -0.049546599
   14.384783470   -0.005030761   -0.053702007
   14.428908572   -0.005419696   -0.058199270
   14.473033675   -0.005838661   -0.063064154
   14.517158778   -0.006321348   -0.068325051
   14.561283880   -0.006884319   -0.074013519
   14.605408983   -0.007516809   -0.080163969
   14.649534086   -0.008190621   -0.086812616
   14.693659188   -0.008883359   -0.093996475
   14.737784291   -0.009598247   -0.101753263
   14.781909394   -0.010365851   -0.110122660
   14.826034496   -0.011225972   -0.119148475
   14.870159599   -0.012202543   -0.128880501
   14.914284702   -0.013289862   -0.139374628
   14.958409804   -0.014460667   -0.150690385
   15.002534907   -0.015690749   -0.162886175
   15.046660010   -0.016982472   -0.176013538
   15.090785112   -0.018369850   -0.190112178
   15.134910215   -0.019900918   -0.205207119
   15.179035318   -0.021609756   -0.221308311
   15.223160420   -0.023498529   -0.238411984
   15.267285523   -0.025543168   -0.256502436
   15.311410626   -0.027719334   -0.275553086
   15.355535728   -0.030030205   -0.295526287
   15.399660831   -0.032515721   -0.316372127
   15.443785934   -0.035235875   -0.338026952
   15.487911036   -0.038239571   -0.360412349
   15.532036139   -0.041541608   -0.383434991
   15.576161242   -0.045125194   -0.406987432
   15.620286344   -0.048969152   -0.430949691
   15.664411447   -0.053080771   -0.455191508
   15.708536550   -0.057510327   -0.479575188
   15.752661652   -0.062335924   -0.503959029
   15.796786755   -0.067628782   -0.528201152
   15.840911858   -0.073423962   -0.552163469
   15.885036960   -0.079718557   -0.575715361
   15.929162063   -0.086500060   -0.598736761
   15.973287166   -0.093785411   -0.621120411
   16.017412268   -0.101642511   -0.642773244
   16.061537371   -0.110177607   -0.663616910
   16.105662474   -0.119496435   -0.683587500
   16.149787576   -0.129666820   -0.702634626
   16.193912679   -0.140710742   -0.720720213
   16.238037782   -0.152633578   -0.737817532
   16.282162884   -0.165471144   -0.753911021
   16.326287987   -0.179320889   -0.768997140
   16.370413090   -0.194333439   -0.783085874
   16.414538192   -0.210668597   -0.796201944
   16.458663295   -0.228446509   -0.808384517
   16.502788398   -0.247730264   -0.819684633
   16.546913500   -0.268555344   -0.830160492
   16.591038603   -0.290987701   -0.839871746
   16.635163706   -0.315169690   -0.848874540
   16.679288808   -0.341318976   -0.857218749
   16.723413911   -0.369677588   -0.864947912
   16.767539014   -0.400445037   -0.872101152
   16.811664116   -0.433744264   -0.878715616
   16.855789219   -0.469649476   -0.884827999
   16.899914322   -0.508261883   -0.890474515
   16.944039424   -0.549782253   -0.895689697
   16.988164527   -0.594525418   -0.900505059
   17.032289630   -0.642857737   -0.904948572
   17.076414732   -0.695092705   -0.909045273
   17.120539835   -0.751416062   -0.912818510
   17.164664938   -0.811902260   -0.916290982
   17.208790040   -0.876629851   -0.919484932
   17.252915143   -0.945835159   -0.922421488
   17.297040246   -1.020004684   -0.925119745
   17.341165348   -1.099824945   -0.927596306
   17.385290451   -1.185978295   -0.929865631
   17.429415554   -1.278856784   -0.931940970
   17.473540656   -1.378315875   -0.933835224
   17.517665759   -1.483576637   -0.935561198
   17.561790862   -1.593315719   -0.937131118
   17.605915964   -1.705895028   -0.938555849
   17.650041067   -1.819624375   -0.939844416
   17.694166170   -1.932948456   -0.941004210
   17.738291272   -2.044499826   -0.942041736
   17.782416375   -2.153029898   -0.942963394
   17.826541478   -2.257282248   -0.943775750
   17.870666580   -2.355883974   -0.944485151
   17.914791683   -2.447304747   -0.945096990
   17.958916786   -2.529891822   -0.945615196
   18.003041888   -2.601957700   -0.946042324
   18.047166991   -2.661887801   -0.946380194
   18.091292094   -2.708244480   -0.946630624
   18.135417196   -2.739857558   -0.946795728
   18.179542299   -2.755899057   -0.946877584
   18.223667402   -2.755939071   -0.946877516
   18.267792504   -2.739976500   -0.946795527
   18.311917607   -2.708439134   -0.946630300
   18.356042710   -2.662153060   -0.946379758
   18.400167812   -2.602286901   -0.946041786
   18.444292915   -2.530277169   -0.945614566
   18.488418018   -2.447737804   -0.945096279
   18.532543120   -2.356356220   -0.944484375
   18.576668223   -2.257785597   -0.943774934
   18.620793326   -2.153557040   -0.942962568
   18.664918428   -2.045044218   -0.942040935
   18.709043531   -1.933503921   -0.941003467
   18.753168634   -1.820184448   -0.939843765
   18.797293736   -1.706452390   -0.938555325
   18.841418839   -1.593862114   -0.937130763
   18.885543942   -1.484103498   -0.935561064
   18.929669044   -1.378815535   -0.933835371
   18.973794147   -1.279323825   -0.931941464
   19.017919250   -1.186410431   -0.929866539
   19.062044352   -1.100223009   -0.927597695
   19.106169455   -1.020371690   -0.925121686
   19.150294558   -0.946174842   -0.922424061
   19.194419660   -0.876945333   -0.919488229
   19.238544763   -0.812195381   -0.916295109
   19.282669866   -0.751687526   -0.912823579
   19.326794968   -0.695342793   -0.909051401
   19.370920071   -0.643087066   -0.904955878
   19.415045174   -0.594735301   -0.900513667
   19.459170276   -0.549974516   -0.895699744
   19.503295379   -0.508438349   -0.890486153
   19.547420482   -0.469811490   -0.884841400
   19.591545584   -0.433892562   -0.878730964
   19.635670687   -0.400580006   -0.872118636
   19.679795790   -0.369799694   -0.864967722
   19.723920892   -0.341429053   -0.857241081
   19.768045995   -0.315268922   -0.848899605
   19.812171098   -0.291077326   -0.839899784
   19.856296201   -0.268636315   -0.830191778
   19.900421303   -0.247803100   -0.819719469
   19.944546406   -0.228511428   -0.808423212
   19.988671509   -0.210725818   -0.796244786
   20.032796611   -0.194383430   -0.783133102
   20.076921714   -0.179364401   -0.769048925
   20.121046817   -0.165509018   -0.753967459
   20.165171919   -0.152666477   -0.737878646
   20.209297022   -0.140738998   -0.720785964
   20.253422125   -0.129690507   -0.702704916
   20.297547227   -0.119515591   -0.683662176
   20.341672330   -0.110192454   -0.663695761
   20.385797433   -0.101653518   -0.642855991
   20.429922535   -0.093793158   -0.621206708
   20.474047638   -0.086505020   -0.598826185
   20.518172741   -0.079720948   -0.575807416
   20.562297843   -0.073423771   -0.552257589
   20.606422946   -0.067625944   -0.528296714
   20.650548049   -0.062330512   -0.504055360
   20.694673151   -0.057502631   -0.479671589
   20.738798254   -0.053071206   -0.455287269
   20.782923357   -0.048958073   -0.431044115
   20.827048459   -0.045112751   -0.407079848
   20.871173562   -0.041527748   -0.383524777
   20.915298665   -0.038224170   -0.360498938
   20.959423767   -0.035218918   -0.338109847
   21.003548870   -0.032497380   -0.316450903
   21.047673973   -0.030010786   -0.295600598
   21.091799075   -0.027699116   -0.275622656
   21.135924178   -0.025522267   -0.256567054
   21.180049281   -0.023476875   -0.238471500
   21.224174383   -0.021587203   -0.221362627
   21.268299486   -0.019877397   -0.205256193
   21.312424589   -0.018345460   -0.190156033
   21.356549691   -0.016957446   -0.176052270
   21.400674794   -0.015665320   -0.162919957
   21.444799897   -0.014434937   -0.150719458
   21.488924999   -0.013263763   -0.139399283
   21.533050102   -0.012175922   -0.128901046
   21.577175205   -0.011198731   -0.119165211
   21.621300307   -0.010338040   -0.110135862
   21.665425410   -0.009570048   -0.101763171
   21.709550513   -0.008854972   -0.094003303
   21.753675615   -0.008162141   -0.086816563
   21.797800718   -0.007488178   -0.080165227
   21.841925821   -0.006855387   -0.074012279
   21.886050923   -0.006292001   -0.068321494
   21.930176026   -0.005808914   -0.063058454
   21.974301129   -0.005389693   -0.058191580
   22.018426231   -0.005000679   -0.053692467
   22.062551334   -0.004613416   -0.049535337
   22.106676437   -0.004222963   -0.045696060
   22.150801539   -0.003849014   -0.042151393
   22.194926642   -0.003519416   -0.038878869
   22.239051745   -0.003248337   -0.035857268
   22.283176847   -0.003024907   -0.033067219
   22.327301950   -0.002820255   -0.030491437
   22.371427053   -0.002607451   -0.028114420
   22.415552155   -0.002379708   -0.025921789
   22.459677258   -0.002153764   -0.023899726
   22.503802361   -0.001956323   -0.022034829
   22.547927463   -0.001803686   -0.020314408
   22.592052566   -0.001689373   -0.018726930
   22.636177669   -0.001588497   -0.017262240
   22.680302771   -0.001475371   -0.015911383
   22.724427874   -0.001341397   -0.014666127
   22.768552977   -0.001200321   -0.013518520
   22.812678079   -0.001077309   -0.012460745
   22.856803182   -0.000990056   -0.011485324
   22.900928285   -0.000935681   -0.010585482
   22.945053387   -0.000892767   -0.009755361
   22.989178490   -0.000836771   -0.008989923
   23.033303593   -0.000757428   -0.008284592
   23.077428695   -0.000665563   -0.007634890
   23.121553798   -0.000584564   -0.007036298
   23.165678901   -0.000532973   -0.006484412
   23.209804003   -0.000510907   -0.005975245
   23.253929106   -0.000500052   -0.005505440
   23.298054209   -0.000476990   -0.005072221
   23.342179311   -0.000429997   -0.004673119
   23.386304414   -0.000367119   -0.004305668
   23.430429517   -0.000309841   -0.003967269
   23.474554619   -0.000277159   -0.003655304
   23.518679722   -0.000271741   -0.003367401
   23.562804825   -0.000278123   -0.003101631
   23.606929927   -0.000274064   -0.002856502
   23.651055030   -0.000246615   -0.002630740
   23.695180133   -0.000201232   -0.002423026
   23.739305235   -0.000157432   -0.002231865
   23.783430338   -0.000134363   -0.002055672
   23.827555441   -0.000136870   -0.001892996
   23.871680543   -0.000152137   -0.001742714
   23.915805646   -0.000159154   -0.001604044
   23.959930749   -0.000143979   -0.001476378
   24.004055851   -0.000109661   -0.001359044
   24.048180954   -0.000073722   -0.001251182
   24.092306057   -0.000055205   -0.001151803
   24.136431159   -0.000060823   -0.001059985
   24.180556262   -0.000080228   -0.000975055
   24.224681365   -0.000093710   -0.000896625
   24.268806467   -0.000086565   -0.000824451
   24.312931570   -0.000059632   -0.000758228
   24.357056673   -0.000028438   -0.000697466
   24.401181775   -0.000011721   -0.000641524
   24.445306878   -0.000017783   -0.000589786
   24.489431981   -0.000038602   -0.000541833
   24.533557083   -0.000055832   -0.000497486
   24.577682186   -0.000054220   -0.000456698
   24.621807289   -0.000032591   -0.000419371
   24.665932391   -0.000004495   -0.000385229
   24.710057494    0.000011816   -0.000353839
   24.754182597    0.000006694   -0.000324766
   24.798307699   -0.000014013   -0.000297726
   24.842432802   -0.000033384   -0.000272650
   24.886557905   -0.000035815   -0.000249596
   24.930683007   -0.000018305   -0.000228580
   24.974808110    0.000007542   -0.000209455
   25.018933213    0.000024113   -0.000191916
   25.063058315    0.000020640   -0.000175633
   25.107183418    0.000000930   -0.000160400
   25.151308521   -0.000019564   -0.000146203
   25.195433623   -0.000025081   -0.000133150
   25.239558726   -0.000010978   -0.000121320
   25.283683829    0.000013043   -0.000110645
   25.327808931    0.000030139   -0.000100903
   25.371934034    0.000028632   -0.000091828
   25.416059137    0.000010422   -0.000083256
   25.460184239   -0.000010543   -0.000075196
   25.504309342   -0.000018519   -0.000067776
   25.548434445   -0.000007398   -0.000061110
   25.592559547    0.000014967   -0.000055179
   25.636684650    0.000032620   -0.000049816
   25.680809753    0.000033169   -0.000044795
   25.724934855    0.000016739   -0.000039976
   25.769059958   -0.000004252   -0.000035372
   25.813185061   -0.000014233   -0.000031117
   25.857310163   -0.000005811   -0.000027344
   25.901435266    0.000014954   -0.000024066
   25.945560369    0.000033089   -0.000021151
   25.989685471    0.000035669   -0.000018406
   26.033810574    0.000021180   -0.000015699
   26.077935677    0.000000496   -0.000013042
   26.122060779   -0.000011136   -0.000010565
   26.166185882   -0.000005205   -0.000008409
   26.210310985    0.000013952   -0.000006608
   26.254436087    0.000032428   -0.000005059
   26.298561190    0.000036943   -0.000003590
   26.342686293    0.000024471   -0.000002075
   26.386811395    0.000004343   -0.000000517
   26.430936498   -0.000008649    0.000000960
   26.475061601   -0.000005047    0.000002216
   26.519186703    0.000012463    0.000003199
   26.563311806    0.000031115    0.000003989
   26.607436909    0.000037427    0.000004745
   26.651562011    0.000027003    0.000005588
   26.695687114    0.000007637    0.000006523
   26.739812217   -0.000006461    0.000007439
   26.783937319   -0.000005038    0.000008195
   26.828062422    0.000010785    0.000008729
   26.872187525    0.000029437    0.000009103
   26.916312627    0.000037392    0.000009459
   26.960437730    0.000029013    0.000009920
   27.004562833    0.000010577    0.000010500
   27.048687935   -0.000004393    0.000011098
   27.092813038   -0.000005011    0.000011578
   27.136938141    0.000009084    0.000011868
   27.181063243    0.000027559    0.000012015
   27.225188346    0.000036987    0.000012149
   27.269313449    0.000030625    0.000012391
   27.313438551    0.000013261    0.000012764
   27.357563654   -0.000002366    0.000013181
   27.401688757   -0.000004887    0.000013509
   27.445813859    0.000007448    0.000013670
   27.489938962    0.000025578    0.000013695
   27.534064065    0.000036303    0.000013706
   27.578189167    0.000031914    0.000013820
   27.622314270    0.000015744    0.000014071
   27.666439373   -0.000000337    0.000014382
   27.710564475   -0.000004620    0.000014627
   27.754689578    0.000005935    0.000014722
   27.798814681    0.000023559    0.000014686
   27.842939783    0.000035405    0.000014629
   27.887064886    0.000032926    0.000014667
   27.931189989    0.000018052    0.000014842
   27.975315091    0.000001710    0.000015090
   28.019440194   -0.000004193    0.000015290
   28.063565297    0.000004574    0.000015354
   28.107690399    0.000021542    0.000015289
   28.151815502    0.000034330    0.000015195
   28.195940605    0.000033686    0.000015186
   28.240065707    0.000020192    0.000015312
   28.284190810    0.000003766    0.000015521
   28.328315913   -0.000003616    0.000015697
   28.372441015    0.000003357    0.000015749
   28.416566118    0.000019520    0.000015674
   28.460691221    0.000033061    0.000015561
   28.504816323    0.000034159    0.000015523
   28.548941426    0.000022109    0.000015616
   28.593066529    0.000005773    0.000015797
   28.637191631   -0.000002932    0.000015961
   28.681316734    0.000002277    0.000016012
   28.725441837    0.000017524    0.000015937
   28.769566939    0.000031656    0.000015817
   28.813692042    0.000034408    0.000015759
   28.857817145    0.000023862    0.000015828
   28.901942247    0.000007783    0.000015990
   28.946067350   -0.000002091    0.000016148
   28.990192453    0.000001387    0.000016203
   29.034317555    0.000015605    0.000016136
   29.078442658    0.000030156    0.000016014
   29.122567761    0.000034459    0.000015945
   29.166692863    0.000025456    0.000015995
   29.210817966    0.000009787    0.000016144
   29.254943069   -0.000001101    0.000016299
   29.299068171    0.000000688    0.000016364
   29.343193274    0.000013779    0.000016308
   29.387318377    0.000028583    0.000016190
   29.431443479    0.000034324    0.000016114
   29.475568582    0.000026887    0.000016151
   29.519693685    0.000011769    0.000016291
   29.563818787    0.000000024    0.000016447
   29.607943890    0.000000181    0.000016524
   29.652068993    0.000012061    0.000016483
   29.696194095    0.000026955    0.000016375
   29.740319198    0.000034014    0.000016297
   29.784444301    0.000028153    0.000016327
   29.828569403    0.000013720    0.000016461
   29.872694506    0.000001272    0.000016623
   29.916819609   -0.000000136    0.000016716
   29.960944711    0.000010463    0.000016696
   30.005069814    0.000025293    0.000016604
   30.049194917    0.000033545    0.000016532
   30.093320019    0.000029257    0.000016561
   30.137445122    0.000015627    0.000016698
   30.181570225    0.000002634    0.000016871
   30.225695327   -0.000000262    0.000016988
   30.269820430    0.000008998    0.000016997
   30.313945533    0.000023616    0.000016930
   30.358070635    0.000032930    0.000016876
   30.402195738    0.000030199    0.000016916
   30.446320841    0.000017482    0.000017065
   30.490445943    0.000004099    0.000017263
   30.534571046   -0.000000197    0.000017415
   30.578696149    0.000007683    0.000017468
   30.622821251    0.000021949    0.000017443
   30.666946354    0.000032192    0.000017424
   30.711071457    0.000030989    0.000017494
   30.755196559    0.000019284    0.000017677
   30.799321662    0.000005663    0.000017920
   30.843446765    0.000000065    0.000018132
   30.887571867    0.000006537    0.000018255
   30.931696970    0.000020320    0.000018301
   30.975822073    0.000031358    0.000018349
   31.019947175    0.000031643    0.000018484
   31.064072278    0.000021036    0.000018737
   31.108197381    0.000007329    0.000019064
   31.152322483    0.000000535    0.000019378
   31.196447586    0.000005585    0.000019615
   31.240572689    0.000018766    0.000019783
   31.284697791    0.000030463    0.000019954
   31.328822894    0.000032189    0.000020214
   31.372947997    0.000022758    0.000020602
   31.417073099    0.000009115    0.000021082
   31.461198202    0.000001241    0.000021573
   31.505323305    0.000004874    0.000022009
   31.549448407    0.000017347    0.000022389
   31.593573510    0.000029572    0.000022781
   31.637698613    0.000032684    0.000023274
   31.681823715    0.000024498    0.000023912
   31.725948818    0.000011067    0.000024671
   31.770073921    0.000002241    0.000025475
   31.814199023    0.000004476    0.000026256
   31.858324126    0.000016150    0.000027010
   31.902449229    0.000028775    0.000027800
   31.946574331    0.000033216    0.000028716
   31.990699434    0.000026338    0.000029812
   32.034824537    0.000013270    0.000031074
   32.078949639    0.000003633    0.000032433
   32.123074742    0.000004515    0.000033825
   32.167199845    0.000015320    0.000035242
   32.211324947    0.000028236    0.000036744
   32.255450050    0.000033951    0.000038424
   32.299575153    0.000028449    0.000040349
   32.343700255    0.000015905    0.000042515
   32.387825358    0.000005621    0.000044868
   32.431950461    0.000005224    0.000047346
   32.476075563    0.000015122    0.000049942
   32.520200666    0.000028237    0.000052718
   32.564325769    0.000035188    0.000055773
   32.608450871    0.000031137    0.000059187
   32.652575974    0.000019294    0.000062976
   32.696701077    0.000008554    0.000067099
   32.740826179    0.000006991    0.000071508
   32.784951282    0.000015988    0.000076202
   32.829076385    0.000029252    0.000081250
   32.873201487    0.000037432    0.000086764
   32.917326590    0.000034943    0.000092844
   32.961451693    0.000024022    0.000099533
   33.005576796    0.000013077    0.000106814
   33.049701898    0.000010537    0.000114661
   33.093827001    0.000018718    0.000123090
   33.137952104    0.000032159    0.000132188
   33.182077206    0.000041633    0.000142091
   33.226202309    0.000040886    0.000152933
   33.270327412    0.000031187    0.000164794
   33.314452514    0.000020381    0.000177700
   33.358577617    0.000017158    0.000191662
   33.402702720    0.000024723    0.000206730
   33.446827822    0.000038484    0.000223029
   33.490952925    0.000049434    0.000240742
   33.535078028    0.000050733    0.000260054
   33.579203130    0.000042693    0.000281112
   33.623328233    0.000032537    0.000304008
   33.667453336    0.000029121    0.000328820
   33.711578438    0.000036487    0.000355668
   33.755703541    0.000050946    0.000384748
   33.799828644    0.000063800    0.000416323
   33.843953746    0.000067710    0.000450674
   33.888078849    0.000062054    0.000488053
   33.932203952    0.000053375    0.000528668
   33.976329054    0.000050606    0.000572717
   34.020454157    0.000058571    0.000620440
   34.064579260    0.000074503    0.000672167
   34.108704362    0.000090103    0.000728303
   34.152829465    0.000097626    0.000789296
   34.196954568    0.000095552    0.000855579
   34.241079670    0.000089699    0.000927557
   34.285204773    0.000088992    0.001005636
   34.329329876    0.000098983    0.001090280
   34.373454978    0.000117850    0.001182053
   34.417580081    0.000137782    0.001281622
   34.461705184    0.000150732    0.001389722
   34.505830286    0.000154329    0.001507102
   34.549955389    0.000153637    0.001634514
   34.594080492    0.000157497    0.001772729
   34.638205594    0.000172135    0.001922603
   34.682330697    0.000196689    0.002085122
   34.726455800    0.000223924    0.002261412
   34.770580902    0.000245601    0.002452708
   34.814706005    0.000258556    0.002660306
   34.858831108    0.000267085    0.002885548
   34.902956210    0.000279885    0.003129842
   34.947081313    0.000303803    0.003394724
   34.991206416    0.000338961    0.003681907
   35.035331518    0.000378804    0.003993306
   35.079456621    0.000415027    0.004331010
   35.123581724    0.000443770    0.004697240
   35.167706826    0.000468579    0.005094333
   35.211831929    0.000497971    0.005524758
   35.255957032    0.000539393    0.005991184
   35.300082134    0.000593998    0.006496530
   35.344207237    0.000656028    0.007043997
   35.388332340    0.000717266    0.007637048
   35.432457442    0.000773282    0.008279366
   35.476582545    0.000826924    0.008974836
   35.520707648    0.000886525    0.009727557
   35.564832750    0.000960134    0.010541903
   35.608957853    0.001049993    0.011422576
   35.653082956    0.001151294    0.012374635
   35.697208058    0.001256106    0.013403476
   35.741333161    0.001359605    0.014514786
   35.785458264    0.001464062    0.015714511
   35.829583366    0.001577697    0.017008855
   35.873708469    0.001709234    0.018404319
   35.917833572    0.001862158    0.019907745
   35.961958674    0.002032846    0.021526327
   36.006083777    0.002213951    0.023267575
   36.050208880    0.002400550    0.025139245
   36.094333982    0.002594580    0.027149278
   36.138459085    0.002804336    0.029305760
   36.182584188    0.003039412    0.031616933
   36.226709290    0.003304788    0.034091194
   36.270834393    0.003598381    0.036737081
   36.314959496    0.003913851    0.039563198
   36.359084598    0.004246608    0.042578112
   36.403209701    0.004598653    0.045790247
   36.447334804    0.004978721    0.049207805
   36.491459906    0.005397656    0.052838731
   36.535585009    0.005862403    0.056690684
   36.579710112    0.006373012    0.060770985
   36.623835214    0.006924856    0.065086523
   36.667960317    0.007514438    0.069643623
   36.712085420    0.008144581    0.074447908
   36.756210522    0.008825218    0.079504208
   36.800335625    0.009569243    0.084816488
   36.844460728    0.010386467    0.090387819
   36.888585830    0.011280124    0.096220314
   36.932710933    0.012248473    0.102315035
   36.976836036    0.013290365    0.108671859
   37.020961138    0.014410720    0.115289348
   37.065086241    0.015621949    0.122164658
   37.109211344    0.016940327    0.129293494
   37.153336446    0.018379996    0.136670113
   37.197461549    0.019949003    0.144287321
   37.241586652    0.021650306    0.152136459
   37.285711754    0.023487044    0.160207358
   37.329836857    0.025468247    0.168488306
   37.373961960    0.027610891    0.176966054
   37.418087062    0.029936817    0.185625873
   37.462212165    0.032466834    0.194451652
   37.506337268    0.035216341    0.203425998
   37.550462370    0.038195711    0.212530324
   37.594587473    0.041415182    0.221744916
   37.638712576    0.044890728    0.231049013
   37.682837678    0.048646658    0.240420942
   37.726962781    0.052713078    0.249838317
   37.771087884    0.057120105    0.259278295
   37.815212986    0.061893057    0.268717842
   37.859338089    0.067052154    0.278133973
   37.903463192    0.072616923    0.287503958
   37.947588294    0.078612088    0.296805496
   37.991713397    0.085070611    0.306016895
   38.035838500    0.092031634    0.315117271
   38.079963602    0.099534765    0.324086748
   38.124088705    0.107614798    0.332906630
   38.168213808    0.116300618    0.341559517
   38.212338910    0.125618960    0.350029360
   38.256464013    0.135600115    0.358301472
   38.300589116    0.146281231    0.366362548
   38.344714218    0.157704593    0.374200713
   38.388839321    0.169911869    0.381805582
   38.432964424    0.182938253    0.389168322
   38.477089526    0.196810429    0.396281665
   38.521214629    0.211549504    0.403139862
   38.565339732    0.227176355    0.409738605
   38.609464834    0.243715082    0.416074939
   38.653589937    0.261191608    0.422147198
   38.697715040    0.279627991    0.427954967
   38.741840142    0.299036131    0.433499043
   38.785965245    0.319415016    0.438781364
   38.830090348    0.340753042    0.443804896
   38.874215450    0.363033288    0.448573495
   38.918340553    0.386237461    0.453091781
   38.962465656    0.410345258    0.457365043
   39.006590758    0.435329222    0.461399185
   39.050715861    0.461148529    0.465200686
   39.094840964    0.487745930    0.468776529
   39.138966066    0.515049844    0.472134103
   39.183091169    0.542979858    0.475281069
   39.227216272    0.571451497    0.478225243
   39.271341374    0.600376663    0.480974517
   39.315466477    0.629659364    0.483536816
   39.359591580    0.659189814    0.485920085
   39.403716682    0.688841244    0.488132245
   39.447841785    0.718471840    0.490181132
   39.491966888    0.747930660    0.492074395
   39.536091990    0.777063645    0.493819410
   39.580217093    0.805715988    0.495423232
   39.624342196    0.833730020    0.496892583
   39.668467298    0.860941230    0.498233878
   39.712592401    0.887176514    0.499453221
   39.756717504    0.912257170    0.500556382
   39.800842606    0.936005704    0.501548731
   39.844967709    0.958252628    0.502435187
   39.889092812    0.978839443    0.503220188
   39.933217914    0.997616747    0.503907711
   39.977343017    1.014440047    0.504501313
   40.021468120    1.029167683    0.505004157
   40.065593222    1.041663926    0.505419008
   40.109718325    1.051806746    0.505748191
   40.153843428    1.059496527    0.505993542
   40.197968530    1.064661351    0.506156389
   40.242093633    1.067256916    0.506237576
   40.286218736    1.067262778    0.506237507
   40.330343838    1.064678888    0.506156182
   40.374468941    1.059525581    0.505993200
   40.418594044    1.051847032    0.505747721
   40.462719146    1.041715019    0.505418418
   40.506844249    1.029229030    0.505003457
   40.550969352    1.014511008    0.504500517
   40.595094454    0.997696643    0.503906835
   40.639219557    0.978927586    0.503219249
   40.683344660    0.958348321    0.502434205
   40.727469762    0.936108222    0.501547728
   40.771594865    0.912365742    0.500555382
   40.815719968    0.887290319    0.499452253
   40.859845070    0.861059428    0.498232969
   40.903970173    0.833851783    0.496891766
   40.948095276    0.805840530    0.495422538
   40.992220378    0.777190222    0.493818875
   41.036345481    0.748058547    0.492074055
   41.080470584    0.718600313    0.490181025
   41.124595686    0.688969583    0.488132411
   41.168720789    0.659317318    0.485920565
   41.212845892    0.629785391    0.483537652
   41.256970994    0.600500651    0.480975751
   41.301096097    0.571572960    0.478226918
   41.345221200    0.543098360    0.475283227
   41.389346302    0.515164974    0.472136787
   41.433471405    0.487857287    0.468779780
   41.477596508    0.461255739    0.465204546
   41.521721610    0.435431972    0.461403693
   41.565846713    0.410443315    0.457370236
   41.609971816    0.386330672    0.453097694
   41.654096918    0.363121552    0.448580160
   41.698222021    0.340836280    0.443812340
   41.742347124    0.319493151    0.438789614
   41.786472226    0.299109103    0.433508120
   41.830597329    0.279695780    0.427964888
   41.874722432    0.261254257    0.422157974
   41.918847534    0.243772694    0.416086577
   41.962972637    0.227229071    0.409751105
   42.007097740    0.211597468    0.403153218
   42.051222842    0.196853765    0.396295865
   42.095347945    0.182977073    0.389183348
   42.139473048    0.169946299    0.381821408
   42.183598150    0.157734798    0.374217307
   42.227723253    0.146307417    0.366379871
   42.271848356    0.135622507    0.358319475
   42.315973458    0.125637770    0.350047990
   42.360098561    0.116316021    0.341578714
   42.404223664    0.107626941    0.332926326
   42.448348766    0.099543791    0.324106871
   42.492473869    0.092037709    0.315137741
   42.536598972    0.085073932    0.306037625
   42.580724074    0.078612867    0.296826395
   42.624849177    0.072615352    0.287524931
   42.668974280    0.067048385    0.278154920
   42.713099382    0.061887204    0.268738661
   42.757224485    0.057112269    0.259298883
   42.801349588    0.052703378    0.249858569
   42.845474690    0.048635240    0.240440754
   42.889599793    0.044877755    0.231068283
   42.933724896    0.041400800    0.221763545
   42.977849998    0.038180025    0.212548216
   43.021975101    0.035199417    0.203443062
   43.066100204    0.032448721    0.194467803
   43.110225306    0.029917581    0.185641033
   43.154350409    0.027590627    0.176980148
   43.198475512    0.025447071    0.168501267
   43.242600614    0.023465061    0.160219125
   43.286725717    0.021627585    0.152146979
   43.330850820    0.019925573    0.144296548
   43.374975922    0.018355870    0.136678008
   43.419101025    0.016915532    0.129300026
   43.463226128    0.015596544    0.122169802
   43.507351230    0.014384789    0.115293085
   43.551476333    0.013263989    0.108674176
   43.595601436    0.012221697    0.102315929
   43.639726538    0.011252956    0.096219786
   43.683851641    0.010358897    0.090385876
   43.727976744    0.009541271    0.084813143
   43.772101846    0.008796880    0.079499479
   43.816226949    0.008115939    0.074441818
   43.860352052    0.007485556    0.069636196
   43.904477154    0.006895768    0.065077790
   43.948602257    0.006343715    0.060760980
   43.992727360    0.005832869    0.056679444
   44.036852462    0.005367872    0.052826295
   44.080977565    0.004948704    0.049194214
