    0.000000000    0.000000027    0.000000000
    0.044125103    0.000000017    0.000000000
    0.088250205   -0.000000004    0.000000001
    0.132375308   -0.000000022    0.000000001
    0.176500411   -0.000000024    0.000000001
    0.220625513   -0.000000008    0.000000001
    0.264750616    0.000000015    0.000000000
    0.308875719    0.000000026    0.000000000
    0.353000821    0.000000019    0.000000000
    0.397125924   -0.000000001    0.000000000
    0.441251027   -0.000000021    0.000000001
    0.485376129   -0.000000025    0.000000001
    0.529501232   -0.000000011    0.000000001
    0.573626335    0.000000012    0.000000000
    0.617751437    0.000000026    0.000000000
    0.661876540    0.000000022    0.000000000
    0.706001643    0.000000002    0.000000000
    0.750126745   -0.000000019    0.000000001
    0.794251848   -0.000000025    0.000000001
    0.838376951   -0.000000013    0.000000001
    0.882502053    0.000000009    0.000000000
    0.926627156    0.000000025    0.000000000
    0.970752259    0.000000023    0.000000000
    1.014877361    0.000000005    0.000000000
    1.059002464   -0.000000017    0.000000001
    1.103127567   -0.000000026    0.000000001
    1.147252669   -0.000000016    0.000000001
    1.191377772    0.000000006    0.000000000
    1.235502875    0.000000024    0.000000000
    1.279627977    0.000000025    0.000000000
    1.323753080    0.000000008    0.000000000
    1.367878183   -0.000000014    0.000000001
    1.412003285   -0.000000026    0.000000001
    1.456128388   -0.000000018    0.000000001
    1.500253491    0.000000003    0.000000000
    1.544378593    0.000000022    0.000000000
    1.588503696    0.000000026    0.000000000
    1.632628799    0.000000011    0.000000000
    1.676753901   -0.000000011    0.000000001
    1.720879004   -0.000000025    0.000000001
    1.765004107   -0.000000021    0.000000001
    1.809129209   -0.000000001    0.000000000
    1.853254312    0.000000020    0.000000000
    1.897379415    0.000000027    0.000000000
    1.941504517    0.000000014    0.000000000
    1.985629620   -0.000000008    0.000000001
    2.029754723   -0.000000025    0.000000001
    2.073879825   -0.000000023    0.000000001
    2.118004928   -0.000000004    0.000000001
    2.162130031    0.000000018    0.000000000
    2.206255133    0.000000027    0.000000000
    2.250380236    0.000000017    0.000000000
    2.294505339   -0.000000005    0.000000001
    2.338630441   -0.000000023    0.000000001
    2.382755544   -0.000000024    0.000000001
    2.426880647   -0.000000007    0.000000001
    2.471005749    0.000000016    0.000000000
    2.515130852    0.000000027    0.000000000
    2.559255955    0.000000020    0.000000000
    2.603381057   -0.000000002    0.000000001
    2.647506160   -0.000000022    0.000000001
    2.691631263   -0.000000026    0.000000001
    2.735756365   -0.000000010    0.000000001
    2.779881468    0.000000013    0.000000000
    2.824006571    0.000000027    0.000000000
    2.868131673    0.000000022    0.000000000
    2.912256776    0.000000001    0.000000001
    2.956381879   -0.000000020    0.000000001
    3.000506981   -0.000000027    0.000000001
    3.044632084   -0.000000013    0.000000001
    3.088757187    0.000000010    0.000000000
    3.132882289    0.000000027    0.000000000
    3.177007392    0.000000024    0.000000000
    3.221132495    0.000000005    0.000000001
    3.265257597   -0.000000018    0.000000001
    3.309382700   -0.000000027    0.000000001
    3.353507803   -0.000000016    0.000000001
    3.397632905    0.000000007    0.000000000
    3.441758008    0.000000025    0.000000000
    3.485883111    0.000000026    0.000000000
    3.530008213    0.000000008    0.000000000
    3.574133316   -0.000000016    0.000000001
    3.618258419   -0.000000027    0.000000001
    3.662383521   -0.000000019    0.000000001
    3.706508624    0.000000004    0.000000000
    3.750633727    0.000000024    0.000000000
    3.794758829    0.000000028    0.000000000
    3.838883932    0.000000011    0.000000000
    3.883009035   -0.000000013    0.000000001
    3.927134137   -0.000000027    0.000000001
    3.971259240   -0.000000022    0.000000001
    4.015384343    0.000000000    0.000000000
    4.059509445    0.000000022    0.000000000
    4.103634548    0.000000029    0.000000000
    4.147759651    0.000000015    0.000000000
    4.191884753   -0.000000010    0.000000001
    4.236009856   -0.000000027    0.000000001
    4.280134959   -0.000000024    0.000000001
    4.324260061   -0.000000003    0.000000001
    4.368385164    0.000000020    0.000000000
    4.412510267    0.000000030    0.000000000
    4.456635369    0.000000018    0.000000000
    4.500760472   -0.000000007    0.000000001
    4.544885575   -0.000000026    0.000000001
    4.589010677   -0.000000026    0.000000001
    4.633135780   -0.000000007    0.000000001
    4.677260883    0.000000018    0.000000000
    4.721385985    0.000000030    0.000000000
    4.765511088    0.000000021    0.000000000
    4.809636191   -0.000000003    0.000000001
    4.853761293   -0.000000025    0.000000001
    4.897886396   -0.000000028    0.000000001
    4.942011499   -0.000000010    0.000000001
    4.986136601    0.000000015    0.000000000
    5.030261704    0.000000030    0.000000000
    5.074386807    0.000000024    0.000000001
    5.118511909    0.000000000    0.000000001
    5.162637012   -0.000000023    0.000000001
    5.206762115   -0.000000029    0.000000001
    5.250887217   -0.000000014    0.000000001
    5.295012320    0.000000012    0.000000001
    5.339137423    0.000000030    0.000000001
    5.383262525    0.000000026    0.000000001
    5.427387628    0.000000004    0.000000001
    5.471512731   -0.000000021    0.000000001
    5.515637833   -0.000000031    0.000000001
    5.559762936   -0.000000017    0.000000001
    5.603888039    0.000000009    0.000000001
    5.648013141    0.000000029    0.000000001
    5.692138244    0.000000029    0.000000001
    5.736263347    0.000000008    0.000000001
    5.780388449   -0.000000018    0.000000002
    5.824513552   -0.000000031    0.000000002
    5.868638655   -0.000000021    0.000000002
    5.912763757    0.000000005    0.000000001
    5.956888860    0.000000028    0.000000001
    6.001013963    0.000000031    0.000000001
    6.045139065    0.000000012    0.000000002
    6.089264168   -0.000000015    0.000000002
    6.133389271   -0.000000031    0.000000002
    6.177514373   -0.000000024    0.000000002
    6.221639476    0.000000002    0.000000002
    6.265764579    0.000000027    0.000000002
    6.309889681    0.000000033    0.000000002
    6.354014784    0.000000016    0.000000003
    6.398139887   -0.000000012    0.000000003
    6.442264989   -0.000000031    0.000000004
    6.486390092   -0.000000027    0.000000004
    6.530515195   -0.000000002    0.000000004
    6.574640297    0.000000025    0.000000004
    6.618765400    0.000000035    0.000000004
    6.662890503    0.000000020    0.000000005
    6.707015606   -0.000000009    0.000000005
    6.751140708   -0.000000030    0.000000006
    6.795265811   -0.000000029    0.000000006
    6.839390914   -0.000000006    0.000000006
    6.883516016    0.000000023    0.000000006
    6.927641119    0.000000036    0.000000007
    6.971766222    0.000000024    0.000000008
    7.015891324   -0.000000004    0.000000009
    7.060016427   -0.000000029    0.000000010
    7.104141530   -0.000000032    0.000000010
    7.148266632   -0.000000010    0.000000011
    7.192391735    0.000000020    0.000000011
    7.236516838    0.000000037    0.000000012
    7.280641940    0.000000028    0.000000013
    7.324767043    0.000000000    0.000000015
    7.368892146   -0.000000027    0.000000016
    7.413017248   -0.000000033    0.000000017
    7.457142351   -0.000000014    0.000000018
    7.501267454    0.000000017    0.000000020
    7.545392556    0.000000038    0.000000021
    7.589517659    0.000000033    0.000000023
    7.633642762    0.000000006    0.000000026
    7.677767864   -0.000000023    0.000000028
    7.721892967   -0.000000034    0.000000031
    7.766018070   -0.000000017    0.000000033
    7.810143172    0.000000015    0.000000035
    7.854268275    0.000000039    0.000000038
    7.898393378    0.000000038    0.000000042
    7.942518480    0.000000012    0.000000045
    7.986643583   -0.000000020    0.000000050
    8.030768686   -0.000000034    0.000000054
    8.074893788   -0.000000020    0.000000058
    8.119018891    0.000000013    0.000000062
    8.163143994    0.000000040    0.000000068
    8.207269096    0.000000043    0.000000074
    8.251394199    0.000000020    0.000000080
    8.295519302   -0.000000013    0.000000088
    8.339644404   -0.000000030    0.000000095
    8.383769507   -0.000000019    0.000000103
    8.427894610    0.000000014    0.000000112
    8.472019712    0.000000045    0.000000121
    8.516144815    0.000000052    0.000000132
    8.560269918    0.000000031    0.000000144
    8.604395020   -0.000000003    0.000000157
    8.648520123   -0.000000025    0.000000170
    8.692645226   -0.000000017    0.000000184
    8.736770328    0.000000015    0.000000200
    8.780895431    0.000000050    0.000000217
    8.825020534    0.000000062    0.000000235
    8.869145636    0.000000044    0.000000256
    8.913270739    0.000000010    0.000000278
    8.957395842   -0.000000015    0.000000303
    9.001520944   -0.000000009    0.000000329
    9.045646047    0.000000024    0.000000357
    9.089771150    0.000000062    0.000000387
    9.133896252    0.000000081    0.000000421
    9.178021355    0.000000069    0.000000458
    9.222146458    0.000000036    0.000000499
    9.266271560    0.000000009    0.000000542
    9.310396663    0.000000012    0.000000589
    9.354521766    0.000000044    0.000000640
    9.398646868    0.000000087    0.000000695
    9.442771971    0.000000112    0.000000755
    9.486897074    0.000000104    0.000000821
    9.531022176    0.000000072    0.000000893
    9.575147279    0.000000044    0.000000970
    9.619272382    0.000000044    0.000001054
    9.663397484    0.000000077    0.000001144
    9.707522587    0.000000126    0.000001243
    9.751647690    0.000000160    0.000001350
    9.795772792    0.000000162    0.000001468
    9.839897895    0.000000137    0.000001596
    9.884022998    0.000000112    0.000001735
    9.928148100    0.000000114    0.000001885
    9.972273203    0.000000153    0.000002049
   10.016398306    0.000000211    0.000002226
   10.060523408    0.000000259    0.000002420
   10.104648511    0.000000273    0.000002630
   10.148773614    0.000000256    0.000002859
   10.192898716    0.000000235    0.000003107
   10.237023819    0.000000240    0.000003375
   10.281148922    0.000000284    0.000003666
   10.325274024    0.000000352    0.000003982
   10.369399127    0.000000415    0.000004325
   10.413524230    0.000000446    0.000004698
   10.457649332    0.000000445    0.000005104
   10.501774435    0.000000437    0.000005543
   10.545899538    0.000000456    0.000006021
   10.590024640    0.000000518    0.000006539
   10.634149743    0.000000612    0.000007102
   10.678274846    0.000000707    0.000007714
   10.722399948    0.000000773    0.000008379
   10.766525051    0.000000806    0.000009102
   10.810650154    0.000000829    0.000009887
   10.854775256    0.000000877    0.000010738
   10.898900359    0.000000970    0.000011661
   10.943025462    0.000001102    0.000012663
   10.987150564    0.000001240    0.000013751
   11.031275667    0.000001352    0.000014931
   11.075400770    0.000001431    0.000016212
   11.119525872    0.000001498    0.000017601
   11.163650975    0.000001590    0.000019107
   11.207776078    0.000001736    0.000020740
   11.251901180    0.000001932    0.000022512
   11.296026283    0.000002149    0.000024436
   11.340151386    0.000002351    0.000026523
   11.384276488    0.000002527    0.000028789
   11.428401591    0.000002696    0.000031249
   11.472526694    0.000002897    0.000033916
   11.516651796    0.000003162    0.000036811
   11.560776899    0.000003492    0.000039951
   11.604902002    0.000003857    0.000043359
   11.649027104    0.000004219    0.000047056
   11.693152207    0.000004561    0.000051066
   11.737277310    0.000004898    0.000055415
   11.781402412    0.000005274    0.000060130
   11.825527515    0.000005724    0.000065243
   11.869652618    0.000006259    0.000070785
   11.913777720    0.000006851    0.000076796
   11.957902823    0.000007465    0.000083314
   12.002027926    0.000008079    0.000090384
   12.046153028    0.000008713    0.000098051
   12.090278131    0.000009411    0.000106366
   12.134403234    0.000010220    0.000115384
   12.178528336    0.000011156    0.000125167
   12.222653439    0.000012198    0.000135780
   12.266778542    0.000013308    0.000147295
   12.310903644    0.000014460    0.000159787
   12.355028747    0.000015668    0.000173340
   12.399153850    0.000016979    0.000188041
   12.443278952    0.000018444    0.000203987
   12.487404055    0.000020087    0.000221283
   12.531529158    0.000021892    0.000240043
   12.575654260    0.000023820    0.000260390
   12.619779363    0.000025848    0.000282460
   12.663904466    0.000027990    0.000306395
   12.708029568    0.000030305    0.000332353
   12.752154671    0.000032859    0.000360506
   12.796279774    0.000035697    0.000391042
   12.840404876    0.000038818    0.000424164
   12.884529979    0.000042197    0.000460093
   12.928655082    0.000045814    0.000499068
   12.972780184    0.000049694    0.000541348
   13.016905287    0.000053903    0.000587210
   13.061030390    0.000058524    0.000636956
   13.105155492    0.000063616    0.000690912
   13.149280595    0.000069190    0.000749432
   13.193405698    0.000075227    0.000812894
   13.237530800    0.000081708    0.000881708
   13.281655903    0.000088661    0.000956312
   13.325781006    0.000096165    0.001037180
   13.369906108    0.000104325    0.001124823
   13.414031211    0.000113232    0.001219795
   13.458156314    0.000122930    0.001322693
   13.502281416    0.000133433    0.001434161
   13.546406519    0.000144754    0.001554893
   13.590531622    0.000156958    0.001685633
   13.634656724    0.000170169    0.001827181
   13.678781827    0.000184551    0.001980399
   13.722906930    0.000200251    0.002146210
   13.767032032    0.000217374    0.002325605
   13.811157135    0.000235976    0.002519636
   13.855282238    0.000256114    0.002729426
   13.899407340    0.000277887    0.002956163
   13.943532443    0.000301464    0.003201106
   13.987657546    0.000327058    0.003465589
   14.031782648    0.000354882    0.003751022
   14.075907751    0.000385103    0.004058889
   14.120032854    0.000417847    0.004390751
   14.164157956    0.000453243    0.004748242
   14.208283059    0.000491480    0.005133067
   14.252408162    0.000532840    0.005547002
   14.296533264    0.000577679    0.005991897
   14.340658367    0.000626374    0.006469663
   14.384783470    0.000679275    0.006982261
   14.428908572    0.000736694    0.007531684
   14.473033675    0.000798951    0.008119925
   14.517158778    0.000866432    0.008748956
   14.561283880    0.000939627    0.009420708
   14.605408983    0.001019119    0.010137042
   14.649534086    0.001105520    0.010899722
   14.693659188    0.001199412    0.011710372
   14.737784291    0.001301342    0.012570424
   14.781909394    0.001411859    0.013481051
   14.826034496    0.001531599    0.014443117
   14.870159599    0.001661338    0.015457139
   14.914284702    0.001801992    0.016523282
   14.958409804    0.001954562    0.017641377
   15.002534907    0.002120071    0.018810955
   15.046660010    0.002299553    0.020031265
   15.090785112    0.002494097    0.021301277
   15.134910215    0.002704941    0.022619652
   15.179035318    0.002933535    0.023984685
   15.223160420    0.003181544    0.025394246
   15.267285523    0.003450777    0.026845741
   15.311410626    0.003743105    0.028336096
   15.355535728    0.004060422    0.029861799
   15.399660831    0.004404692    0.031418972
   15.443785934    0.004778042    0.033003482
   15.487911036    0.005182850    0.034611073
   15.532036139    0.005621754    0.036237490
   15.576161242    0.006097591    0.037878593
   15.620286344    0.006613315    0.039530428
   15.664411447    0.007171961    0.041189249
   15.708536550    0.007776719    0.042851487
   15.752661652    0.008431065    0.044513679
   15.796786755    0.009138892    0.046172359
   15.840911858    0.009904548    0.047823962
   15.885036960    0.010732770    0.049464743
   15.929162063    0.011628568    0.051090744
   15.973287166    0.012597165    0.052697824
   16.017412268    0.013644035    0.054281723
   16.061537371    0.014775026    0.055838178
   16.105662474    0.015996476    0.057363050
   16.149787576    0.017315216    0.058852454
   16.193912679    0.018738431    0.060302864
   16.238037782    0.020273472    0.061711196
   16.282162884    0.021927721    0.063074839
   16.326287987    0.023708616    0.064391648
   16.370413090    0.025623801    0.065659902
   16.414538192    0.027681287    0.066878243
   16.458663295    0.029889478    0.068045627
   16.502788398    0.032257009    0.069161285
   16.546913500    0.034792493    0.070224728
   16.591038603    0.037504327    0.071235765
   16.635163706    0.040400696    0.072194539
   16.679288808    0.043489732    0.073101541
   16.723413911    0.046779610    0.073957608
   16.767539014    0.050278357    0.074763889
   16.811664116    0.053993245    0.075521785
   16.855789219    0.057929920    0.076232887
   16.899914322    0.062091596    0.076898923
   16.944039424    0.066478651    0.077521716
   16.988164527    0.071088670    0.078103149
   17.032289630    0.075916688    0.078645152
   17.076414732    0.080955123    0.079149669
   17.120539835    0.086193023    0.079618637
   17.164664938    0.091614661    0.080053960
   17.208790040    0.097198043    0.080457484
   17.252915143    0.102914195    0.080830987
   17.297040246    0.108727924    0.081176171
   17.341165348    0.114600151    0.081494662
   17.385290451    0.120491113    0.081788005
   17.429415554    0.126363217    0.082057669
   17.473540656    0.132182328    0.082305037
   17.517665759    0.137916892    0.082531405
   17.561790862    0.143535243    0.082737985
   17.605915964    0.149002238    0.082925905
   17.650041067    0.154276688    0.083096209
   17.694166170    0.159310750    0.083249863
   17.738291272    0.164051723    0.083387755
   17.782416375    0.168445860    0.083510686
   17.826541478    0.172443258    0.083619381
   17.870666580    0.176002699    0.083714477
   17.914791683    0.179095463    0.083796539
   17.958916786    0.181707423    0.083866055
   18.003041888    0.183839055    0.083923441
   18.047166991    0.185503225    0.083969043
   18.091292094    0.186720974    0.084003136
   18.135417196    0.187515903    0.084025923
   18.179542299    0.187908162    0.084037537
   18.223667402    0.187909350    0.084038046
   18.267792504    0.187519557    0.084027453
   18.311917607    0.186727314    0.084005696
   18.356042710    0.185512498    0.083972649
   18.400167812    0.183851426    0.083928114
   18.444292915    0.181722926    0.083871826
   18.488418018    0.179114024    0.083803444
   18.532543120    0.176024191    0.083722558
   18.576668223    0.172467530    0.083628684
   18.620793326    0.168472721    0.083521264
   18.664918428    0.164080884    0.083399665
   18.709043531    0.159341790    0.083263174
   18.753168634    0.154309076    0.083110995
   18.797293736    0.149035424    0.082942250
   18.841418839    0.143568770    0.082755982
   18.885543942    0.137950459    0.082551155
   18.929669044    0.132215772    0.082326651
   18.973794147    0.126396427    0.082081274
   19.017919250    0.120523937    0.081813739
   19.062044352    0.114632363    0.081522680
   19.106169455    0.108759262    0.081206645
   19.150294558    0.102944447    0.080864104
   19.194419660    0.097227117    0.080493451
   19.238544763    0.091642579    0.080093001
   19.282669866    0.086219859    0.079660999
   19.326794968    0.080980915    0.079195620
   19.370920071    0.075941398    0.078694987
   19.415045174    0.071112214    0.078157187
   19.459170276    0.066500976    0.077580302
   19.503295379    0.062112746    0.076962433
   19.547420482    0.057950040    0.076301726
   19.591545584    0.054012530    0.075596393
   19.635670687    0.050296966    0.074844744
   19.679795790    0.046797628    0.074045230
   19.723920892    0.043507201    0.073196492
   19.768045995    0.040417689    0.072297430
   19.812171098    0.037521018    0.071347256
   19.856296201    0.034809168    0.070345533
   19.900421303    0.032274001    0.069292179
   19.944546406    0.029907079    0.068187450
   19.988671509    0.027699695    0.067031906
   20.032796611    0.025643132    0.065826391
   20.076921714    0.023728978    0.064572029
   20.121046817    0.021949292    0.063270264
   20.165171919    0.020296518    0.061922909
   20.209297022    0.018763257    0.060532210
   20.253422125    0.017342079    0.059100889
   20.297547227    0.016025533    0.057632149
   20.341672330    0.014806347    0.056129645
   20.385797433    0.013677690    0.054597405
   20.429922535    0.012633311    0.053039721
   20.474047638    0.011667482    0.051461026
   20.518172741    0.010774814    0.049865766
   20.562297843    0.009950081    0.048258286
   20.606422946    0.009188202    0.046642766
   20.650548049    0.008484375    0.045023190
   20.694673151    0.007834255    0.043403384
   20.738798254    0.007234041    0.041787088
   20.782923357    0.006680383    0.040178069
   20.827048459    0.006170181    0.038580218
   20.871173562    0.005700394    0.036997633
   20.915298665    0.005267986    0.035434647
   20.959423767    0.004870031    0.033895808
   21.003548870    0.004503870    0.032385811
   21.047673973    0.004167210    0.030909386
   21.091799075    0.003858064    0.029471178
   21.135924178    0.003574589    0.028075621
   21.180049281    0.003314935    0.026726830
   21.224174383    0.003077200    0.025428524
   21.268299486    0.002859542    0.024183998
   21.312424589    0.002660340    0.022996129
   21.356549691    0.002478298    0.021867428
   21.400674794    0.002312411    0.020800096
   21.444799897    0.002161805    0.019796091
   21.488924999    0.002025586    0.018857153
   21.533050102    0.001902778    0.017984810
   21.577175205    0.001792404    0.017180354
   21.621300307    0.001693635    0.016444813
   21.665425410    0.001605889    0.015778929
   21.709550513    0.001528805    0.015183175
   21.753675615    0.001462104    0.014657788
   21.797800718    0.001405435    0.014202825
   21.841925821    0.001358313    0.013818223
   21.886050923    0.001320203    0.013503853
   21.930176026    0.001290675    0.013259559
   21.974301129    0.001269520    0.013085191
   22.018426231    0.001256749    0.012980625
   22.062551334    0.001252473    0.012945778
   22.106676437    0.001256749    0.012980621
   22.150801539    0.001269519    0.013085184
   22.194926642    0.001290674    0.013259548
   22.239051745    0.001320202    0.013503838
   22.283176847    0.001358310    0.013818204
   22.327301950    0.001405432    0.014202803
   22.371427053    0.001462101    0.014657762
   22.415552155    0.001528801    0.015183145
   22.459677258    0.001605884    0.015778895
   22.503802361    0.001693630    0.016444775
   22.547927463    0.001792399    0.017180313
   22.592052566    0.001902772    0.017984765
   22.636177669    0.002025579    0.018857104
   22.680302771    0.002161797    0.019796039
   22.724427874    0.002312402    0.020800041
   22.768552977    0.002478289    0.021867369
   22.812678079    0.002660329    0.022996067
   22.856803182    0.002859531    0.024183933
   22.900928285    0.003077188    0.025428456
   22.945053387    0.003314921    0.026726759
   22.989178490    0.003574575    0.028075548
   23.033303593    0.003858048    0.029471102
   23.077428695    0.004167193    0.030909308
   23.121553798    0.004503852    0.032385731
   23.165678901    0.004870010    0.033895727
   23.209804003    0.005267964    0.035434563
   23.253929106    0.005700370    0.036997548
   23.298054209    0.006170155    0.038580133
   23.342179311    0.006680354    0.040177983
   23.386304414    0.007234010    0.041787002
   23.430429517    0.007834222    0.043403297
   23.474554619    0.008484339    0.045023103
   23.518679722    0.009188163    0.046642679
   23.562804825    0.009950039    0.048258200
   23.606929927    0.010774768    0.049865680
   23.651055030    0.011667432    0.051460941
   23.695180133    0.012633257    0.053039637
   23.739305235    0.013677632    0.054597322
   23.783430338    0.014806284    0.056129564
   23.827555441    0.016025465    0.057632070
   23.871680543    0.017342005    0.059100811
   23.915805646    0.018763177    0.060532135
   23.959930749    0.020296433    0.061922836
   24.004055851    0.021949200    0.063270193
   24.048180954    0.023728879    0.064571961
   24.092306057    0.025643025    0.065826325
   24.136431159    0.027699581    0.067031843
   24.180556262    0.029906957    0.068187389
   24.224681365    0.032273870    0.069292121
   24.268806467    0.034809027    0.070345478
   24.312931570    0.037520868    0.071347204
   24.357056673    0.040417528    0.072297381
   24.401181775    0.043507030    0.073196445
   24.445306878    0.046797447    0.074045186
   24.489431981    0.050296773    0.074844703
   24.533557083    0.054012325    0.075596354
   24.577682186    0.057949823    0.076301689
   24.621807289    0.062112516    0.076962399
   24.665932391    0.066500735    0.077580270
   24.710057494    0.071111961    0.078157157
   24.754182597    0.075941133    0.078694959
   24.798307699    0.080980639    0.079195594
   24.842432802    0.086219573    0.079660975
   24.886557905    0.091642284    0.080092979
   24.930683007    0.097226813    0.080493430
   24.974808110    0.102944138    0.080864085
   25.018933213    0.108758949    0.081206627
   25.063058315    0.114632048    0.081522663
   25.107183418    0.120523622    0.081813724
   25.151308521    0.126396113    0.082081260
   25.195433623    0.132215462    0.082326639
   25.239558726    0.137950154    0.082551143
   25.283683829    0.143568473    0.082755972
   25.327808931    0.149035136    0.082942241
   25.371934034    0.154308799    0.083110986
   25.416059137    0.159341528    0.083263167
   25.460184239    0.164080639    0.083399659
   25.504309342    0.168472495    0.083521258
   25.548434445    0.172467328    0.083628678
   25.592559547    0.176024013    0.083722553
   25.636684650    0.179113871    0.083803440
   25.680809753    0.181722799    0.083871823
   25.724934855    0.183851325    0.083928112
   25.769059958    0.185512421    0.083972647
   25.813185061    0.186727261    0.084005695
   25.857310163    0.187519525    0.084027452
   25.901435266    0.187909340    0.084038046
   25.945560369    0.187908173    0.084037537
   25.989685471    0.187515935    0.084025924
   26.033810574    0.186721028    0.084003138
   26.077935677    0.185503302    0.083969045
   26.122060779    0.183839157    0.083923444
   26.166185882    0.181707550    0.083866058
   26.210310985    0.179095615    0.083796543
   26.254436087    0.176002878    0.083714482
   26.298561190    0.172443461    0.083619386
   26.342686293    0.168446085    0.083510693
   26.386811395    0.164051968    0.083387762
   26.430936498    0.159311013    0.083249871
   26.475061601    0.154276965    0.083096217
   26.519186703    0.149002527    0.082925914
   26.563311806    0.143535540    0.082737996
   26.607436909    0.137917196    0.082531417
   26.651562011    0.132182638    0.082305049
   26.695687114    0.126363531    0.082057683
   26.739812217    0.120491429    0.081788021
   26.783937319    0.114600467    0.081494678
   26.828062422    0.108728238    0.081176189
   26.872187525    0.102914504    0.080831006
   26.916312627    0.097198346    0.080457505
   26.960437730    0.091614956    0.080053982
   27.004562833    0.086193309    0.079618662
   27.048687935    0.080955399    0.079149695
   27.092813038    0.075916952    0.078645180
   27.136938141    0.071088923    0.078103179
   27.181063243    0.066478892    0.077521748
   27.225188346    0.062091825    0.076898958
   27.269313449    0.057930137    0.076232924
   27.313438551    0.053993450    0.075521824
   27.357563654    0.050278551    0.074763931
   27.401688757    0.046779792    0.073957653
   27.445813859    0.043489903    0.073101588
   27.489938962    0.040400856    0.072194589
   27.534064065    0.037504477    0.071235818
   27.578189167    0.034792634    0.070224783
   27.622314270    0.032257141    0.069161343
   27.666439373    0.029889600    0.068045688
   27.710564475    0.027681401    0.066878307
   27.754689578    0.025623907    0.065659969
   27.798814681    0.023708715    0.064391718
   27.842939783    0.021927813    0.063074911
   27.887064886    0.020273557    0.061711270
   27.931189989    0.018738510    0.060302940
   27.975315091    0.017315289    0.058852532
   28.019440194    0.015996544    0.057363131
   28.063565297    0.014775089    0.055838261
   28.107690399    0.013644093    0.054281807
   28.151815502    0.012597219    0.052697909
   28.195940605    0.011628618    0.051090831
   28.240065707    0.010732816    0.049464830
   28.284190810    0.009904591    0.047824051
   28.328315913    0.009138931    0.046172448
   28.372441015    0.008431101    0.044513768
   28.416566118    0.007776752    0.042851576
   28.460691221    0.007171992    0.041189338
   28.504816323    0.006613344    0.039530517
   28.548941426    0.006097618    0.037878682
   28.593066529    0.005621778    0.036237577
   28.637191631    0.005182873    0.034611159
   28.681316734    0.004778063    0.033003568
   28.725441837    0.004404711    0.031419056
   28.769566939    0.004060439    0.029861882
   28.813692042    0.003743121    0.028336177
   28.857817145    0.003450792    0.026845820
   28.901942247    0.003181558    0.025394323
   28.946067350    0.002933548    0.023984759
   28.990192453    0.002704953    0.022619724
   29.034317555    0.002494108    0.021301346
   29.078442658    0.002299563    0.020031331
   29.122567761    0.002120081    0.018811019
   29.166692863    0.001954571    0.017641439
   29.210817966    0.001802000    0.016523341
   29.254943069    0.001661346    0.015457195
   29.299068171    0.001531606    0.014443170
   29.343193274    0.001411865    0.013481101
   29.387318377    0.001301348    0.012570471
   29.431443479    0.001199418    0.011710417
   29.475568582    0.001105524    0.010899764
   29.519693685    0.001019124    0.010137082
   29.563818787    0.000939631    0.009420745
   29.607943890    0.000866435    0.008748991
   29.652068993    0.000798955    0.008119957
   29.696194095    0.000736698    0.007531714
   29.740319198    0.000679278    0.006982290
   29.784444301    0.000626377    0.006469689
   29.828569403    0.000577681    0.005991922
   29.872694506    0.000532842    0.005547025
   29.916819609    0.000491483    0.005133088
   29.960944711    0.000453245    0.004748262
   30.005069814    0.000417849    0.004390770
   30.049194917    0.000385105    0.004058906
   30.093320019    0.000354884    0.003751038
   30.137445122    0.000327060    0.003465604
   30.181570225    0.000301465    0.003201120
   30.225695327    0.000277888    0.002956176
   30.269820430    0.000256115    0.002729438
   30.313945533    0.000235977    0.002519647
   30.358070635    0.000217375    0.002325615
   30.402195738    0.000200252    0.002146220
   30.446320841    0.000184552    0.001980407
   30.490445943    0.000170170    0.001827189
   30.534571046    0.000156958    0.001685640
   30.578696149    0.000144754    0.001554899
   30.622821251    0.000133433    0.001434167
   30.666946354    0.000122931    0.001322698
   30.711071457    0.000113232    0.001219800
   30.755196559    0.000104326    0.001124828
   30.799321662    0.000096165    0.001037184
   30.843446765    0.000088662    0.000956316
   30.887571867    0.000081709    0.000881712
   30.931696970    0.000075227    0.000812898
   30.975822073    0.000069191    0.000749435
   31.019947175    0.000063616    0.000690916
   31.064072278    0.000058524    0.000636959
   31.108197381    0.000053903    0.000587213
   31.152322483    0.000049694    0.000541350
   31.196447586    0.000045815    0.000499071
   31.240572689    0.000042197    0.000460095
   31.284697791    0.000038818    0.000424165
   31.328822894    0.000035697    0.000391044
   31.372947997    0.000032860    0.000360508
   31.417073099    0.000030305    0.000332355
   31.461198202    0.000027991    0.000306396
   31.505323305    0.000025848    0.000282461
   31.549448407    0.000023820    0.000260392
   31.593573510    0.000021892    0.000240044
   31.637698613    0.000020087    0.000221284
   31.681823715    0.000018444    0.000203988
   31.725948818    0.000016979    0.000188042
   31.770073921    0.000015668    0.000173341
   31.814199023    0.000014460    0.000159788
   31.858324126    0.000013308    0.000147295
   31.902449229    0.000012198    0.000135780
   31.946574331    0.000011156    0.000125167
   31.990699434    0.000010220    0.000115384
   32.034824537    0.000009411    0.000106366
   32.078949639    0.000008713    0.000098051
   32.123074742    0.000008079    0.000090384
   32.167199845    0.000007465    0.000083315
   32.211324947    0.000006851    0.000076796
   32.255450050    0.000006259    0.000070786
   32.299575153    0.000005724    0.000065243
   32.343700255    0.000005274    0.000060131
   32.387825358    0.000004898    0.000055415
   32.431950461    0.000004561    0.000051066
   32.476075563    0.000004219    0.000047056
   32.520200666    0.000003857    0.000043359
   32.564325769    0.000003492    0.000039951
   32.608450871    0.000003162    0.000036811
   32.652575974    0.000002897    0.000033917
   32.696701077    0.000002696    0.000031249
   32.740826179    0.000002527    0.000028790
   32.784951282    0.000002351    0.000026523
   32.829076385    0.000002149    0.000024436
   32.873201487    0.000001932    0.000022512
   32.917326590    0.000001736    0.000020740
   32.961451693    0.000001590    0.000019107
   33.005576796    0.000001498    0.000017601
   33.049701898    0.000001431    0.000016212
   33.093827001    0.000001352    0.000014931
   33.137952104    0.000001240    0.000013751
   33.182077206    0.000001102    0.000012663
   33.226202309    0.000000970    0.000011661
   33.270327412    0.000000877    0.000010738
   33.314452514    0.000000829    0.000009887
   33.358577617    0.000000806    0.000009102
   33.402702720    0.000000773    0.000008379
   33.446827822    0.000000707    0.000007714
   33.490952925    0.000000612    0.000007102
   33.535078028    0.000000518    0.000006539
   33.579203130    0.000000456    0.000006021
   33.623328233    0.000000437    0.000005544
   33.667453336    0.000000445    0.000005104
   33.711578438    0.000000446    0.000004698
   33.755703541    0.000000415    0.000004325
   33.799828644    0.000000352    0.000003982
   33.843953746    0.000000284    0.000003666
   33.888078849    0.000000240    0.000003375
   33.932203952    0.000000235    0.000003107
   33.976329054    0.000000256    0.000002859
   34.020454157    0.000000273    0.000002630
   34.064579260    0.000000259    0.000002420
   34.108704362    0.000000211    0.000002226
   34.152829465    0.000000153    0.000002049
   34.196954568    0.000000114    0.000001885
   34.241079670    0.000000112    0.000001735
   34.285204773    0.000000137    0.000001596
   34.329329876    0.000000162    0.000001468
   34.373454978    0.000000160    0.000001350
   34.417580081    0.000000126    0.000001243
   34.461705184    0.000000077    0.000001144
   34.505830286    0.000000044    0.000001054
   34.549955389    0.000000044    0.000000970
   34.594080492    0.000000072    0.000000893
   34.638205594    0.000000104    0.000000821
   34.682330697    0.000000112    0.000000755
   34.726455800    0.000000087    0.000000695
   34.770580902    0.000000044    0.000000640
   34.814706005    0.000000012    0.000000589
   34.858831108    0.000000009    0.000000542
   34.902956210    0.000000036    0.000000499
   34.947081313    0.000000069    0.000000458
   34.991206416    0.000000081    0.000000421
   35.035331518    0.000000062    0.000000387
   35.079456621    0.000000024    0.000000357
   35.123581724   -0.000000009    0.000000329
   35.167706826   -0.000000015    0.000000303
   35.211831929    0.000000010    0.000000278
   35.255957032    0.000000044    0.000000256
   35.300082134    0.000000062    0.000000235
   35.344207237    0.000000050    0.000000217
   35.388332340    0.000000015    0.000000200
   35.432457442   -0.000000017    0.000000184
   35.476582545   -0.000000025    0.000000170
   35.520707648   -0.000000003    0.000000157
   35.564832750    0.000000031    0.000000144
   35.608957853    0.000000052    0.000000132
   35.653082956    0.000000045    0.000000121
   35.697208058    0.000000014    0.000000112
   35.741333161   -0.000000019    0.000000103
   35.785458264   -0.000000030    0.000000095
   35.829583366   -0.000000013    0.000000088
   35.873708469    0.000000020    0.000000080
   35.917833572    0.000000043    0.000000074
   35.961958674    0.000000040    0.000000068
   36.006083777    0.000000013    0.000000062
   36.050208880   -0.000000020    0.000000058
   36.094333982   -0.000000034    0.000000054
   36.138459085   -0.000000020    0.000000050
   36.182584188    0.000000012    0.000000045
   36.226709290    0.000000038    0.000000042
   36.270834393    0.000000039    0.000000038
   36.314959496    0.000000015    0.000000035
   36.359084598   -0.000000017    0.000000033
   36.403209701   -0.000000034    0.000000031
   36.447334804   -0.000000023    0.000000028
   36.491459906    0.000000006    0.000000026
   36.535585009    0.000000033    0.000000023
   36.579710112    0.000000038    0.000000021
   36.623835214    0.000000017    0.000000020
   36.667960317   -0.000000014    0.000000018
   36.712085420   -0.000000033    0.000000017
   36.756210522   -0.000000027    0.000000016
   36.800335625    0.000000000    0.000000015
   36.844460728    0.000000028    0.000000013
   36.888585830    0.000000037    0.000000012
   36.932710933    0.000000020    0.000000011
   36.976836036   -0.000000010    0.000000011
   37.020961138   -0.000000032    0.000000010
   37.065086241   -0.000000029    0.000000010
   37.109211344   -0.000000004    0.000000009
   37.153336446    0.000000024    0.000000008
   37.197461549    0.000000036    0.000000007
   37.241586652    0.000000023    0.000000006
   37.285711754   -0.000000006    0.000000006
   37.329836857   -0.000000029    0.000000006
   37.373961960   -0.000000030    0.000000006
   37.418087062   -0.000000009    0.000000005
   37.462212165    0.000000020    0.000000005
   37.506337268    0.000000035    0.000000004
   37.550462370    0.000000025    0.000000004
   37.594587473   -0.000000002    0.000000004
   37.638712576   -0.000000027    0.000000004
   37.682837678   -0.000000031    0.000000004
   37.726962781   -0.000000012    0.000000003
   37.771087884    0.000000016    0.000000003
   37.815212986    0.000000033    0.000000002
   37.859338089    0.000000027    0.000000002
   37.903463192    0.000000002    0.000000002
   37.947588294   -0.000000024    0.000000002
   37.991713397   -0.000000031    0.000000002
   38.035838500   -0.000000015    0.000000002
   38.079963602    0.000000012    0.000000002
   38.124088705    0.000000031    0.000000001
   38.168213808    0.000000028    0.000000001
   38.212338910    0.000000005    0.000000001
   38.256464013   -0.000000021    0.000000002
   38.300589116   -0.000000031    0.000000002
   38.344714218   -0.000000018    0.000000002
   38.388839321    0.000000008    0.000000001
   38.432964424    0.000000029    0.000000001
   38.477089526    0.000000029    0.000000001
   38.521214629    0.000000009    0.000000001
   38.565339732   -0.000000017    0.000000001
   38.609464834   -0.000000031    0.000000001
   38.653589937   -0.000000021    0.000000001
   38.697715040    0.000000004    0.000000001
   38.741840142    0.000000026    0.000000001
   38.785965245    0.000000030    0.000000001
   38.830090348    0.000000012    0.000000001
   38.874215450   -0.000000014    0.000000001
   38.918340553   -0.000000029    0.000000001
   38.962465656   -0.000000023    0.000000001
   39.006590758    0.000000000    0.000000001
   39.050715861    0.000000024    0.000000001
   39.094840964    0.000000030    0.000000000
   39.138966066    0.000000015    0.000000000
   39.183091169   -0.000000010    0.000000001
   39.227216272   -0.000000028    0.000000001
   39.271341374   -0.000000025    0.000000001
   39.315466477   -0.000000003    0.000000001
   39.359591580    0.000000021    0.000000000
   39.403716682    0.000000030    0.000000000
   39.447841785    0.000000018    0.000000000
   39.491966888   -0.000000007    0.000000001
   39.536091990   -0.000000026    0.000000001
   39.580217093   -0.000000026    0.000000001
   39.624342196   -0.000000007    0.000000001
   39.668467298    0.000000018    0.000000000
   39.712592401    0.000000030    0.000000000
   39.756717504    0.000000020    0.000000000
   39.800842606   -0.000000003    0.000000001
   39.844967709   -0.000000024    0.000000001
   39.889092812   -0.000000027    0.000000001
   39.933217914   -0.000000010    0.000000001
   39.977343017    0.000000015    0.000000000
   40.021468120    0.000000029    0.000000000
   40.065593222    0.000000022    0.000000000
   40.109718325    0.000000000    0.000000000
   40.153843428   -0.000000022    0.000000001
   40.197968530   -0.000000027    0.000000001
   40.242093633   -0.000000013    0.000000001
   40.286218736    0.000000011    0.000000000
   40.330343838    0.000000028    0.000000000
   40.374468941    0.000000024    0.000000000
   40.418594044    0.000000004    0.000000000
   40.462719146   -0.000000019    0.000000001
   40.506844249   -0.000000027    0.000000001
   40.550969352   -0.000000016    0.000000001
   40.595094454    0.000000008    0.000000000
   40.639219557    0.000000026    0.000000000
   40.683344660    0.000000025    0.000000000
   40.727469762    0.000000007    0.000000000
   40.771594865   -0.000000016    0.000000001
   40.815719968   -0.000000027    0.000000001
   40.859845070   -0.000000018    0.000000001
   40.903970173    0.000000005    0.000000001
   40.948095276    0.000000024    0.000000000
   40.992220378    0.000000027    0.000000000
   41.036345481    0.000000010    0.000000000
   41.080470584   -0.000000013    0.000000001
   41.124595686   -0.000000027    0.000000001
   41.168720789   -0.000000020    0.000000001
   41.212845892    0.000000001    0.000000001
   41.256970994    0.000000022    0.000000000
   41.301096097    0.000000027    0.000000000
   41.345221200    0.000000013    0.000000000
   41.389346302   -0.000000010    0.000000001
   41.433471405   -0.000000026    0.000000001
   41.477596508   -0.000000022    0.000000001
   41.521721610   -0.000000002    0.000000001
   41.565846713    0.000000020    0.000000000
   41.609971816    0.000000027    0.000000000
   41.654096918    0.000000016    0.000000000
   41.698222021   -0.000000007    0.000000001
   41.742347124   -0.000000024    0.000000001
   41.786472226   -0.000000023    0.000000001
   41.830597329   -0.000000005    0.000000001
   41.874722432    0.000000017    0.000000000
   41.918847534    0.000000027    0.000000000
   41.962972637    0.000000018    0.000000000
   42.007097740   -0.000000004    0.000000001
   42.051222842   -0.000000023    0.000000001
   42.095347945   -0.000000025    0.000000001
   42.139473048   -0.000000008    0.000000001
   42.183598150    0.000000014    0.000000000
   42.227723253    0.000000027    0.000000000
   42.271848356    0.000000020    0.000000000
   42.315973458   -0.000000001    0.000000000
   42.360098561   -0.000000021    0.000000001
   42.404223664   -0.000000025    0.000000001
   42.448348766   -0.000000011    0.000000001
   42.492473869    0.000000011    0.000000000
   42.536598972    0.000000026    0.000000000
   42.580724074    0.000000022    0.000000000
   42.624849177    0.000000003    0.000000000
   42.668974280   -0.000000018    0.000000001
   42.713099382   -0.000000026    0.000000001
   42.757224485   -0.000000014    0.000000001
   42.801349588    0.000000008    0.000000000
   42.845474690    0.000000025    0.000000000
   42.889599793    0.000000024    0.000000000
   42.933724896    0.000000006    0.000000000
   42.977849998   -0.000000016    0.000000001
   43.021975101   -0.000000026    0.000000001
   43.066100204   -0.000000017    0.000000001
   43.110225306    0.000000005    0.000000000
   43.154350409    0.000000023    0.000000000
   43.198475512    0.000000025    0.000000000
   43.242600614    0.000000009    0.000000000
   43.286725717   -0.000000013    0.000000001
   43.330850820   -0.000000025    0.000000001
   43.374975922   -0.000000019    0.000000001
   43.419101025    0.000000002    0.000000000
   43.463226128    0.000000022    0.000000000
   43.507351230    0.000000026    0.000000000
   43.551476333    0.000000012    0.000000000
   43.595601436   -0.000000011    0.000000001
   43.639726538   -0.000000025    0.000000001
   43.683851641   -0.000000021    0.000000001
   43.727976744   -0.000000001    0.000000000
   43.772101846    0.000000019    0.000000000
   43.816226949    0.000000026    0.000000000
   43.860352052    0.000000015    0.000000000
   43.904477154   -0.000000008    0.000000001
   43.948602257   -0.000000024    0.000000001
   43.992727360   -0.000000022    0.000000001
   44.036852462   -0.000000004    0.000000001
   44.080977565    0.000000017    0.000000000
