    0.000000000    0.000000090    0.000000109
    0.044125103    0.000000090    0.000000109
    0.088250205    0.000000090    0.000000109
    0.132375308    0.000000090    0.000000109
    0.176500411    0.000000090    0.000000110
    0.220625513    0.000000090    0.000000110
    0.264750616    0.000000091    0.000000111
    0.308875719    0.000000091    0.000000111
    0.353000821    0.000000091    0.000000112
    0.397125924    0.000000091    0.000000113
    0.441251027    0.000000091    0.000000114
    0.485376129    0.000000091    0.000000115
    0.529501232    0.000000092    0.000000116
    0.573626335    0.000000092    0.000000117
    0.617751437    0.000000093    0.000000119
    0.661876540    0.000000093    0.000000120
    0.706001643    0.000000093    0.000000122
    0.750126745    0.000000093    0.000000124
    0.794251848    0.000000094    0.000000126
    0.838376951    0.000000094    0.000000128
    0.882502053    0.000000095    0.000000131
    0.926627156    0.000000096    0.000000133
    0.970752259    0.000000097    0.000000136
    1.014877361    0.000000097    0.000000140
    1.059002464    0.000000098    0.000000143
    1.103127567    0.000000098    0.000000147
    1.147252669    0.000000099    0.000000152
    1.191377772    0.000000100    0.000000157
    1.235502875    0.000000102    0.000000162
    1.279627977    0.000000103    0.000000168
    1.323753080    0.000000103    0.000000174
    1.367878183    0.000000104    0.000000181
    1.412003285    0.000000105    0.000000188
    1.456128388    0.000000106    0.000000197
    1.500253491    0.000000107    0.000000206
    1.544378593    0.000000109    0.000000216
    1.588503696    0.000000110    0.000000226
    1.632628799    0.000000112    0.000000238
    1.676753901    0.000000113    0.000000252
    1.720879004    0.000000114    0.000000266
    1.765004107    0.000000116    0.000000282
    1.809129209    0.000000118    0.000000299
    1.853254312    0.000000120    0.000000318
    1.897379415    0.000000122    0.000000338
    1.941504517    0.000000124    0.000000361
    1.985629620    0.000000126    0.000000386
    2.029754723    0.000000128    0.000000413
    2.073879825    0.000000131    0.000000443
    2.118004928    0.000000134    0.000000475
    2.162130031    0.000000137    0.000000511
    2.206255133    0.000000140    0.000000550
    2.250380236    0.000000143    0.000000592
    2.294505339    0.000000146    0.000000638
    2.338630441    0.000000149    0.000000688
    2.382755544    0.000000153    0.000000742
    2.426880647    0.000000158    0.000000802
    2.471005749    0.000000163    0.000000866
    2.515130852    0.000000168    0.000000936
    2.559255955    0.000000173    0.000001011
    2.603381057    0.000000178    0.000001093
    2.647506160    0.000000184    0.000001181
    2.691631263    0.000000191    0.000001277
    2.735756365    0.000000198    0.000001380
    2.779881468    0.000000206    0.000001491
    2.824006571    0.000000215    0.000001611
    2.868131673    0.000000224    0.000001739
    2.912256776    0.000000234    0.000001878
    2.956381879    0.000000244    0.000002026
    3.000506981    0.000000256    0.000002185
    3.044632084    0.000000268    0.000002355
    3.088757187    0.000000282    0.000002537
    3.132882289    0.000000298    0.000002731
    3.177007392    0.000000314    0.000002939
    3.221132495    0.000000332    0.000003160
    3.265257597    0.000000352    0.000003396
    3.309382700    0.000000373    0.000003646
    3.353507803    0.000000397    0.000003912
    3.397632905    0.000000423    0.000004195
    3.441758008    0.000000452    0.000004495
    3.485883111    0.000000484    0.000004813
    3.530008213    0.000000518    0.000005149
    3.574133316    0.000000556    0.000005505
    3.618258419    0.000000598    0.000005881
    3.662383521    0.000000644    0.000006278
    3.706508624    0.000000694    0.000006697
    3.750633727    0.000000750    0.000007138
    3.794758829    0.000000811    0.000007603
    3.838883932    0.000000878    0.000008092
    3.883009035    0.000000951    0.000008606
    3.927134137    0.000001032    0.000009147
    3.971259240    0.000001121    0.000009714
    4.015384343    0.000001219    0.000010309
    4.059509445    0.000001327    0.000010933
    4.103634548    0.000001445    0.000011587
    4.147759651    0.000001575    0.000012271
    4.191884753    0.000001717    0.000012987
    4.236009856    0.000001872    0.000013736
    4.280134959    0.000002043    0.000014519
    4.324260061    0.000002230    0.000015336
    4.368385164    0.000002434    0.000016189
    4.412510267    0.000002657    0.000017079
    4.456635369    0.000002899    0.000018008
    4.500760472    0.000003163    0.000018975
    4.544885575    0.000003450    0.000019982
    4.589010677    0.000003761    0.000021031
    4.633135780    0.000004099    0.000022123
    4.677260883    0.000004465    0.000023258
    4.721385985    0.000004861    0.000024438
    4.765511088    0.000005288    0.000025664
    4.809636191    0.000005749    0.000026938
    4.853761293    0.000006245    0.000028261
    4.897886396    0.000006779    0.000029633
    4.942011499    0.000007353    0.000031058
    4.986136601    0.000007969    0.000032534
    5.030261704    0.000008628    0.000034066
    5.074386807    0.000009333    0.000035652
    5.118511909    0.000010085    0.000037296
    5.162637012    0.000010886    0.000038999
    5.206762115    0.000011740    0.000040761
    5.250887217    0.000012647    0.000042585
    5.295012320    0.000013610    0.000044472
    5.339137423    0.000014630    0.000046424
    5.383262525    0.000015709    0.000048442
    5.427387628    0.000016849    0.000050528
    5.471512731    0.000018052    0.000052684
    5.515637833    0.000019320    0.000054911
    5.559762936    0.000020655    0.000057211
    5.603888039    0.000022060    0.000059586
    5.648013141    0.000023536    0.000062038
    5.692138244    0.000025085    0.000064569
    5.736263347    0.000026707    0.000067180
    5.780388449    0.000028407    0.000069873
    5.824513552    0.000030185    0.000072652
    5.868638655    0.000032043    0.000075516
    5.912763757    0.000033983    0.000078470
    5.956888860    0.000036006    0.000081514
    6.001013963    0.000038114    0.000084650
    6.045139065    0.000040308    0.000087882
    6.089264168    0.000042590    0.000091211
    6.133389271    0.000044961    0.000094640
    6.177514373    0.000047423    0.000098170
    6.221639476    0.000049978    0.000101805
    6.265764579    0.000052628    0.000105545
    6.309889681    0.000055373    0.000109395
    6.354014784    0.000058217    0.000113356
    6.398139887    0.000061160    0.000117431
    6.442264989    0.000064205    0.000121622
    6.486390092    0.000067355    0.000125933
    6.530515195    0.000070611    0.000130365
    6.574640297    0.000073976    0.000134922
    6.618765400    0.000077450    0.000139607
    6.662890503    0.000081036    0.000144422
    6.707015606    0.000084736    0.000149370
    6.751140708    0.000088551    0.000154454
    6.795265811    0.000092484    0.000159678
    6.839390914    0.000096536    0.000165044
    6.883516016    0.000100710    0.000170556
    6.927641119    0.000105007    0.000176217
    6.971766222    0.000109428    0.000182029
    7.015891324    0.000113976    0.000187997
    7.060016427    0.000118654    0.000194124
    7.104141530    0.000123465    0.000200412
    7.148266632    0.000128411    0.000206866
    7.192391735    0.000133494    0.000213490
    7.236516838    0.000138719    0.000220287
    7.280641940    0.000144087    0.000227260
    7.324767043    0.000149601    0.000234414
    7.368892146    0.000155265    0.000241753
    7.413017248    0.000161082    0.000249280
    7.457142351    0.000167054    0.000257000
    7.501267454    0.000173186    0.000264916
    7.545392556    0.000179478    0.000273034
    7.589517659    0.000185935    0.000281357
    7.633642762    0.000192557    0.000289890
    7.677767864    0.000199349    0.000298637
    7.721892967    0.000206313    0.000307602
    7.766018070    0.000213453    0.000316791
    7.810143172    0.000220772    0.000326207
    7.854268275    0.000228275    0.000335856
    7.898393378    0.000235963    0.000345742
    7.942518480    0.000243842    0.000355871
    7.986643583    0.000251916    0.000366247
    8.030768686    0.000260190    0.000376875
    8.074893788    0.000268669    0.000387762
    8.119018891    0.000277358    0.000398912
    8.163143994    0.000286261    0.000410330
    8.207269096    0.000295383    0.000422024
    8.251394199    0.000304728    0.000433998
    8.295519302    0.000314300    0.000446258
    8.339644404    0.000324104    0.000458811
    8.383769507    0.000334144    0.000471662
    8.427894610    0.000344425    0.000484818
    8.472019712    0.000354949    0.000498285
    8.516144815    0.000365720    0.000512070
    8.560269918    0.000376744    0.000526179
    8.604395020    0.000388023    0.000540619
    8.648520123    0.000399565    0.000555398
    8.692645226    0.000411374    0.000570521
    8.736770328    0.000423457    0.000585996
    8.780895431    0.000435821    0.000601830
    8.825020534    0.000448470    0.000618032
    8.869145636    0.000461414    0.000634608
    8.913270739    0.000474658    0.000651566
    8.957395842    0.000488211    0.000668915
    9.001520944    0.000502080    0.000686663
    9.045646047    0.000516274    0.000704817
    9.089771150    0.000530798    0.000723387
    9.133896252    0.000545660    0.000742380
    9.178021355    0.000560866    0.000761805
    9.222146458    0.000576422    0.000781671
    9.266271560    0.000592336    0.000801985
    9.310396663    0.000608614    0.000822758
    9.354521766    0.000625265    0.000843997
    9.398646868    0.000642296    0.000865711
    9.442771971    0.000659713    0.000887909
    9.486897074    0.000677526    0.000910599
    9.531022176    0.000695743    0.000933790
    9.575147279    0.000714376    0.000957491
    9.619272382    0.000733435    0.000981710
    9.663397484    0.000752931    0.001006455
    9.707522587    0.000772875    0.001031736
    9.751647690    0.000793278    0.001057561
    9.795772792    0.000814150    0.001083938
    9.839897895    0.000835503    0.001110875
    9.884022998    0.000857348    0.001138380
    9.928148100    0.000879694    0.001166462
    9.972273203    0.000902552    0.001195128
   10.016398306    0.000925931    0.001224384
   10.060523408    0.000949840    0.001254240
   10.104648511    0.000974287    0.001284700
   10.148773614    0.000999281    0.001315772
   10.192898716    0.001024834    0.001347462
   10.237023819    0.001050956    0.001379776
   10.281148922    0.001077659    0.001412719
   10.325274024    0.001104955    0.001446297
   10.369399127    0.001132857    0.001480516
   10.413524230    0.001161380    0.001515380
   10.457649332    0.001190539    0.001550894
   10.501774435    0.001220349    0.001587062
   10.545899538    0.001250827    0.001623888
   10.590024640    0.001281991    0.001661377
   10.634149743    0.001313856    0.001699532
   10.678274846    0.001346438    0.001738355
   10.722399948    0.001379752    0.001777850
   10.766525051    0.001413812    0.001818017
   10.810650154    0.001448633    0.001858859
   10.854775256    0.001484229    0.001900375
   10.898900359    0.001520615    0.001942566
   10.943025462    0.001557804    0.001985429
   10.987150564    0.001595811    0.002028963
   11.031275667    0.001634650    0.002073164
   11.075400770    0.001674337    0.002118029
   11.119525872    0.001714890    0.002163552
   11.163650975    0.001756327    0.002209728
   11.207776078    0.001798668    0.002256549
   11.251901180    0.001841933    0.002304008
   11.296026283    0.001886143    0.002352095
   11.340151386    0.001931318    0.002400801
   11.384276488    0.001977478    0.002450115
   11.428401591    0.002024641    0.002500025
   11.472526694    0.002072826    0.002550519
   11.516651796    0.002122049    0.002601582
   11.560776899    0.002172324    0.002653200
   11.604902002    0.002223662    0.002705356
   11.649027104    0.002276072    0.002758034
   11.693152207    0.002329561    0.002811213
   11.737277310    0.002384134    0.002864876
   11.781402412    0.002439796    0.002919000
   11.825527515    0.002496552    0.002973562
   11.869652618    0.002554405    0.003028540
   11.913777720    0.002613358    0.003083909
   11.957902823    0.002673411    0.003139640
   12.002027926    0.002734566    0.003195708
   12.046153028    0.002796826    0.003252083
   12.090278131    0.002860190    0.003308733
   12.134403234    0.002924660    0.003365628
   12.178528336    0.002990233    0.003422735
   12.222653439    0.003056904    0.003480017
   12.266778542    0.003124662    0.003537439
   12.310903644    0.003193495    0.003594964
   12.355028747    0.003263387    0.003652551
   12.399153850    0.003334319    0.003710159
   12.443278952    0.003406268    0.003767745
   12.487404055    0.003479210    0.003825265
   12.531529158    0.003553115    0.003882670
   12.575654260    0.003627954    0.003939914
   12.619779363    0.003703696    0.003996945
   12.663904466    0.003780311    0.004053711
   12.708029568    0.003857771    0.004110158
   12.752154671    0.003936052    0.004166230
   12.796279774    0.004015128    0.004221870
   12.840404876    0.004094976    0.004277017
   12.884529979    0.004175571    0.004331612
   12.928655082    0.004256889    0.004385592
   12.972780184    0.004338906    0.004438891
   13.016905287    0.004421591    0.004491445
   13.061030390    0.004504913    0.004543186
   13.105155492    0.004588833    0.004594045
   13.149280595    0.004673304    0.004643952
   13.193405698    0.004758270    0.004692835
   13.237530800    0.004843666    0.004740621
   13.281655903    0.004929417    0.004787238
   13.325781006    0.005015445    0.004832611
   13.369906108    0.005101661    0.004876666
   13.414031211    0.005187972    0.004919329
   13.458156314    0.005274279    0.004960527
   13.502281416    0.005360481    0.005000187
   13.546406519    0.005446473    0.005038239
   13.590531622    0.005532150    0.005074615
   13.634656724    0.005617409    0.005109250
   13.678781827    0.005702149    0.005142082
   13.722906930    0.005786270    0.005173052
   13.767032032    0.005869672    0.005202109
   13.811157135    0.005952250    0.005229206
   13.855282238    0.006033903    0.005254299
   13.899407340    0.006114524    0.005277357
   13.943532443    0.006194004    0.005298352
   13.987657546    0.006272231    0.005317265
   14.031782648    0.006349089    0.005334089
   14.075907751    0.006424454    0.005348827
   14.120032854    0.006498196    0.005361491
   14.164157956    0.006570183    0.005372108
   14.208283059    0.006640274    0.005380718
   14.252408162    0.006708332    0.005387377
   14.296533264    0.006774215    0.005392154
   14.340658367    0.006837784    0.005395138
   14.384783470    0.006898895    0.005396432
   14.428908572    0.006957407    0.005396161
   14.473033675    0.007013176    0.005394466
   14.517158778    0.007066057    0.005391506
   14.561283880    0.007115908    0.005387460
   14.605408983    0.007162581    0.005382524
   14.649534086    0.007205928    0.005376911
   14.693659188    0.007245794    0.005370850
   14.737784291    0.007282015    0.005364586
   14.781909394    0.007314422    0.005358374
   14.826034496    0.007342834    0.005352479
   14.870159599    0.007367067    0.005347172
   14.914284702    0.007386932    0.005342730
   14.958409804    0.007402236    0.005339433
   15.002534907    0.007412779    0.005337563
   15.046660010    0.007418363    0.005337401
   15.090785112    0.007418785    0.005339227
   15.134910215    0.007413844    0.005343317
   15.179035318    0.007403346    0.005349936
   15.223160420    0.007387102    0.005359327
   15.267285523    0.007364928    0.005371704
   15.311410626    0.007336646    0.005387233
   15.355535728    0.007302078    0.005406019
   15.399660831    0.007261052    0.005428087
   15.443785934    0.007213396    0.005453362
   15.487911036    0.007158947    0.005481664
   15.532036139    0.007097547    0.005512692
   15.576161242    0.007029048    0.005546023
   15.620286344    0.006953312    0.005581126
   15.664411447    0.006870213    0.005617369
   15.708536550    0.006779643    0.005654046
   15.752661652    0.006681517    0.005690406
   15.796786755    0.006575788    0.005725684
   15.840911858    0.006462446    0.005759132
   15.885036960    0.006341532    0.005790047
   15.929162063    0.006213137    0.005817798
   15.973287166    0.006077409    0.005841844
   16.017412268    0.005934554    0.005861739
   16.061537371    0.005784842    0.005877143
   16.105662474    0.005628616    0.005887815
   16.149787576    0.005466292    0.005893609
   16.193912679    0.005298358    0.005894467
   16.238037782    0.005125382    0.005890409
   16.282162884    0.004948002    0.005881525
   16.326287987    0.004766934    0.005867964
   16.370413090    0.004582977    0.005849929
   16.414538192    0.004397024    0.005827669
   16.458663295    0.004210065    0.005801474
   16.502788398    0.004023200    0.005771668
   16.546913500    0.003837636    0.005738607
   16.591038603    0.003654695    0.005702667
   16.635163706    0.003475811    0.005664249
   16.679288808    0.003302537    0.005623763
   16.723413911    0.003136547    0.005581629
   16.767539014    0.002979632    0.005538269
   16.811664116    0.002833693    0.005494101
   16.855789219    0.002700712    0.005449534
   16.899914322    0.002582734    0.005404964
   16.944039424    0.002481837    0.005360770
   16.988164527    0.002400105    0.005317314
   17.032289630    0.002339612    0.005274935
   17.076414732    0.002302390    0.005233951
   17.120539835    0.002290386    0.005194656
   17.164664938    0.002305409    0.005157323
   17.208790040    0.002349061    0.005122198
   17.252915143    0.002422680    0.005089507
   17.297040246    0.002527313    0.005059452
   17.341165348    0.002663719    0.005032213
   17.385290451    0.002832414    0.005007949
   17.429415554    0.003033725    0.004986801
   17.473540656    0.003267836    0.004968890
   17.517665759    0.003534777    0.004954318
   17.561790862    0.003834341    0.004943173
   17.605915964    0.004165913    0.004935525
   17.650041067    0.004528212    0.004931431
   17.694166170    0.004918977    0.004930933
   17.738291272    0.005334626    0.004934063
   17.782416375    0.005769936    0.004940839
   17.826541478    0.006217806    0.004951270
   17.870666580    0.006669162    0.004965355
   17.914791683    0.007113062    0.004983086
   17.958916786    0.007537035    0.005004449
   18.003041888    0.007927666    0.005029422
   18.047166991    0.008271393    0.005057981
   18.091292094    0.008555432    0.005090098
   18.135417196    0.008768727    0.005125741
   18.179542299    0.008902801    0.005164878
   18.223667402    0.008952398    0.005207475
   18.267792504    0.008915829    0.005253496
   18.311917607    0.008794989    0.005302905
   18.356042710    0.008595053    0.005355667
   18.400167812    0.008323910    0.005411742
   18.444292915    0.007991428    0.005471090
   18.488418018    0.007608661    0.005533671
   18.532543120    0.007187098    0.005599438
   18.576668223    0.006738035    0.005668347
   18.620793326    0.006272132    0.005740345
   18.664918428    0.005799135    0.005815379
   18.709043531    0.005327774    0.005893392
   18.753168634    0.004865756    0.005974322
   18.797293736    0.004419841    0.006058102
   18.841418839    0.003995928    0.006144664
   18.885543942    0.003599155    0.006233932
   18.929669044    0.003233973    0.006325827
   18.973794147    0.002904212    0.006420267
   19.017919250    0.002613111    0.006517163
   19.062044352    0.002363322    0.006616418
   19.106169455    0.002156898    0.006717932
   19.150294558    0.001995257    0.006821594
   19.194419660    0.001879151    0.006927286
   19.238544763    0.001808662    0.007034878
   19.282669866    0.001783226    0.007144229
   19.326794968    0.001801704    0.007255185
   19.370920071    0.001862475    0.007367578
   19.415045174    0.001963539    0.007481225
   19.459170276    0.002102612    0.007595925
   19.503295379    0.002277205    0.007711461
   19.547420482    0.002484680    0.007827600
   19.591545584    0.002722294    0.007944091
   19.635670687    0.002987248    0.008060665
   19.679795790    0.003276726    0.008177040
   19.723920892    0.003587944    0.008292914
   19.768045995    0.003918180    0.008407977
   19.812171098    0.004264803    0.008521905
   19.856296201    0.004625286    0.008634366
   19.900421303    0.004997202    0.008745020
   19.944546406    0.005378237    0.008853521
   19.988671509    0.005766183    0.008959520
   20.032796611    0.006158951    0.009062660
   20.076921714    0.006554573    0.009162585
   20.121046817    0.006951206    0.009258935
   20.165171919    0.007347133    0.009351361
   20.209297022    0.007740756    0.009439528
   20.253422125    0.008130603    0.009523126
   20.297547227    0.008515327    0.009601890
   20.341672330    0.008893719    0.009675612
   20.385797433    0.009264709    0.009744161
   20.429922535    0.009627375    0.009807501
   20.474047638    0.009980933    0.009865702
   20.518172741    0.010324728    0.009918955
   20.562297843    0.010658224    0.009967566
   20.606422946    0.010980989    0.010011956
   20.650548049    0.011292685    0.010052642
   20.694673151    0.011593054    0.010090219
   20.738798254    0.011881902    0.010125327
   20.782923357    0.012159082    0.010158620
   20.827048459    0.012424478    0.010190740
   20.871173562    0.012677988    0.010222280
   20.915298665    0.012919519    0.010253767
   20.959423767    0.013148987    0.010285640
   21.003548870    0.013366322    0.010318242
   21.047673973    0.013571473    0.010351816
   21.091799075    0.013764422    0.010386508
   21.135924178    0.013945183    0.010422372
   21.180049281    0.014113814    0.010459379
   21.224174383    0.014270428    0.010497429
   21.268299486    0.014415197    0.010536358
   21.312424589    0.014548366    0.010575950
   21.356549691    0.014670253    0.010615945
   21.400674794    0.014781245    0.010656046
   21.444799897    0.014881788    0.010695930
   21.488924999    0.014972371    0.010735248
   21.533050102    0.015053515    0.010773638
   21.577175205    0.015125757    0.010810729
   21.621300307    0.015189638    0.010846146
   21.665425410    0.015245691    0.010879517
   21.709550513    0.015294423    0.010910482
   21.753675615    0.015336306    0.010938700
   21.797800718    0.015371760    0.010963851
   21.841925821    0.015401150    0.010985648
   21.886050923    0.015424781    0.011003841
   21.930176026    0.015442901    0.011018216
   21.974301129    0.015455702    0.011028607
   22.018426231    0.015463326    0.011034890
   22.062551334    0.015465858    0.011036993
   22.106676437    0.015463327    0.011034890
   22.150801539    0.015455703    0.011028607
   22.194926642    0.015442901    0.011018217
   22.239051745    0.015424782    0.011003841
   22.283176847    0.015401152    0.010985649
   22.327301950    0.015371762    0.010963852
   22.371427053    0.015336308    0.010938701
   22.415552155    0.015294426    0.010910484
   22.459677258    0.015245694    0.010879519
   22.503802361    0.015189642    0.010846147
   22.547927463    0.015125761    0.010810731
   22.592052566    0.015053519    0.010773640
   22.636177669    0.014972376    0.010735250
   22.680302771    0.014881793    0.010695932
   22.724427874    0.014781251    0.010656049
   22.768552977    0.014670260    0.010615947
   22.812678079    0.014548373    0.010575952
   22.856803182    0.014415204    0.010536360
   22.900928285    0.014270436    0.010497431
   22.945053387    0.014113823    0.010459381
   22.989178490    0.013945192    0.010422374
   23.033303593    0.013764432    0.010386510
   23.077428695    0.013571484    0.010351818
   23.121553798    0.013366333    0.010318244
   23.165678901    0.013148999    0.010285641
   23.209804003    0.012919532    0.010253768
   23.253929106    0.012678001    0.010222282
   23.298054209    0.012424492    0.010190741
   23.342179311    0.012159097    0.010158622
   23.386304414    0.011881917    0.010125328
   23.430429517    0.011593070    0.010090221
   23.474554619    0.011292702    0.010052644
   23.518679722    0.010981006    0.010011958
   23.562804825    0.010658241    0.009967568
   23.606929927    0.010324746    0.009918957
   23.651055030    0.009980951    0.009865705
   23.695180133    0.009627394    0.009807504
   23.739305235    0.009264729    0.009744165
   23.783430338    0.008893739    0.009675616
   23.827555441    0.008515348    0.009601894
   23.871680543    0.008130624    0.009523131
   23.915805646    0.007740777    0.009439532
   23.959930749    0.007347154    0.009351366
   24.004055851    0.006951227    0.009258940
   24.048180954    0.006554594    0.009162590
   24.092306057    0.006158972    0.009062666
   24.136431159    0.005766204    0.008959526
   24.180556262    0.005378257    0.008853527
   24.224681365    0.004997223    0.008745025
   24.268806467    0.004625305    0.008634372
   24.312931570    0.004264822    0.008521911
   24.357056673    0.003918198    0.008407983
   24.401181775    0.003587961    0.008292921
   24.445306878    0.003276742    0.008177046
   24.489431981    0.002987263    0.008060672
   24.533557083    0.002722308    0.007944097
   24.577682186    0.002484692    0.007827606
   24.621807289    0.002277216    0.007711467
   24.665932391    0.002102621    0.007595931
   24.710057494    0.001963545    0.007481231
   24.754182597    0.001862479    0.007367584
   24.798307699    0.001801706    0.007255191
   24.842432802    0.001783225    0.007144235
   24.886557905    0.001808659    0.007034884
   24.930683007    0.001879146    0.006927292
   24.974808110    0.001995250    0.006821600
   25.018933213    0.002156888    0.006717938
   25.063058315    0.002363310    0.006616424
   25.107183418    0.002613096    0.006517168
   25.151308521    0.002904196    0.006420273
   25.195433623    0.003233954    0.006325832
   25.239558726    0.003599134    0.006233936
   25.283683829    0.003995906    0.006144668
   25.327808931    0.004419818    0.006058107
   25.371934034    0.004865732    0.005974326
   25.416059137    0.005327749    0.005893396
   25.460184239    0.005799110    0.005815383
   25.504309342    0.006272106    0.005740349
   25.548434445    0.006738011    0.005668350
   25.592559547    0.007187074    0.005599442
   25.636684650    0.007608640    0.005533674
   25.680809753    0.007991409    0.005471093
   25.724934855    0.008323894    0.005411745
   25.769059958    0.008595041    0.005355670
   25.813185061    0.008794981    0.005302908
   25.857310163    0.008915825    0.005253498
   25.901435266    0.008952398    0.005207477
   25.945560369    0.008902806    0.005164880
   25.989685471    0.008768737    0.005125743
   26.033810574    0.008555446    0.005090100
   26.077935677    0.008271410    0.005057983
   26.122060779    0.007927686    0.005029424
   26.166185882    0.007537057    0.005004450
   26.210310985    0.007113086    0.004983087
   26.254436087    0.006669187    0.004965356
   26.298561190    0.006217830    0.004951270
   26.342686293    0.005769960    0.004940839
   26.386811395    0.005334649    0.004934063
   26.430936498    0.004918999    0.004930933
   26.475061601    0.004528232    0.004931431
   26.519186703    0.004165932    0.004935524
   26.563311806    0.003834358    0.004943172
   26.607436909    0.003534792    0.004954317
   26.651562011    0.003267849    0.004968889
   26.695687114    0.003033736    0.004986800
   26.739812217    0.002832424    0.005007948
   26.783937319    0.002663727    0.005032211
   26.828062422    0.002527319    0.005059450
   26.872187525    0.002422685    0.005089505
   26.916312627    0.002349064    0.005122196
   26.960437730    0.002305411    0.005157321
   27.004562833    0.002290386    0.005194654
   27.048687935    0.002302388    0.005233948
   27.092813038    0.002339609    0.005274933
   27.136938141    0.002400101    0.005317312
   27.181063243    0.002481832    0.005360768
   27.225188346    0.002582729    0.005404962
   27.269313449    0.002700705    0.005449532
   27.313438551    0.002833685    0.005494099
   27.357563654    0.002979624    0.005538267
   27.401688757    0.003136538    0.005581627
   27.445813859    0.003302528    0.005623761
   27.489938962    0.003475802    0.005664247
   27.534064065    0.003654686    0.005702665
   27.578189167    0.003837626    0.005738605
   27.622314270    0.004023190    0.005771667
   27.666439373    0.004210055    0.005801472
   27.710564475    0.004397014    0.005827668
   27.754689578    0.004582967    0.005849928
   27.798814681    0.004766924    0.005867963
   27.842939783    0.004947992    0.005881525
   27.887064886    0.005125373    0.005890409
   27.931189989    0.005298349    0.005894467
   27.975315091    0.005466283    0.005893609
   28.019440194    0.005628608    0.005887815
   28.063565297    0.005784834    0.005877144
   28.107690399    0.005934546    0.005861740
   28.151815502    0.006077402    0.005841845
   28.195940605    0.006213130    0.005817800
   28.240065707    0.006341525    0.005790048
   28.284190810    0.006462440    0.005759133
   28.328315913    0.006575782    0.005725686
   28.372441015    0.006681512    0.005690408
   28.416566118    0.006779638    0.005654048
   28.460691221    0.006870208    0.005617371
   28.504816323    0.006953308    0.005581128
   28.548941426    0.007029044    0.005546025
   28.593066529    0.007097543    0.005512693
   28.637191631    0.007158943    0.005481666
   28.681316734    0.007213393    0.005453364
   28.725441837    0.007261049    0.005428088
   28.769566939    0.007302076    0.005406020
   28.813692042    0.007336644    0.005387234
   28.857817145    0.007364927    0.005371705
   28.901942247    0.007387101    0.005359328
   28.946067350    0.007403345    0.005349936
   28.990192453    0.007413844    0.005343318
   29.034317555    0.007418784    0.005339227
   29.078442658    0.007418363    0.005337401
   29.122567761    0.007412780    0.005337563
   29.166692863    0.007402236    0.005339433
   29.210817966    0.007386933    0.005342730
   29.254943069    0.007367068    0.005347172
   29.299068171    0.007342835    0.005352478
   29.343193274    0.007314423    0.005358374
   29.387318377    0.007282017    0.005364586
   29.431443479    0.007245796    0.005370850
   29.475568582    0.007205930    0.005376910
   29.519693685    0.007162583    0.005382524
   29.563818787    0.007115910    0.005387460
   29.607943890    0.007066060    0.005391506
   29.652068993    0.007013179    0.005394466
   29.696194095    0.006957410    0.005396161
   29.740319198    0.006898898    0.005396432
   29.784444301    0.006837787    0.005395138
   29.828569403    0.006774219    0.005392154
   29.872694506    0.006708336    0.005387377
   29.916819609    0.006640278    0.005380719
   29.960944711    0.006570186    0.005372108
   30.005069814    0.006498200    0.005361491
   30.049194917    0.006424458    0.005348827
   30.093320019    0.006349093    0.005334090
   30.137445122    0.006272236    0.005317266
   30.181570225    0.006194008    0.005298353
   30.225695327    0.006114528    0.005277358
   30.269820430    0.006033908    0.005254301
   30.313945533    0.005952255    0.005229207
   30.358070635    0.005869676    0.005202111
   30.402195738    0.005786275    0.005173054
   30.446320841    0.005702154    0.005142083
   30.490445943    0.005617414    0.005109252
   30.534571046    0.005532154    0.005074617
   30.578696149    0.005446477    0.005038241
   30.622821251    0.005360486    0.005000189
   30.666946354    0.005274284    0.004960529
   30.711071457    0.005187976    0.004919331
   30.755196559    0.005101665    0.004876668
   30.799321662    0.005015449    0.004832614
   30.843446765    0.004929422    0.004787241
   30.887571867    0.004843670    0.004740624
   30.931696970    0.004758275    0.004692837
   30.975822073    0.004673309    0.004643954
   31.019947175    0.004588838    0.004594048
   31.064072278    0.004504918    0.004543189
   31.108197381    0.004421595    0.004491448
   31.152322483    0.004338910    0.004438894
   31.196447586    0.004256894    0.004385594
   31.240572689    0.004175575    0.004331615
   31.284697791    0.004094980    0.004277020
   31.328822894    0.004015132    0.004221873
   31.372947997    0.003936056    0.004166233
   31.417073099    0.003857776    0.004110161
   31.461198202    0.003780315    0.004053714
   31.505323305    0.003703700    0.003996948
   31.549448407    0.003627958    0.003939917
   31.593573510    0.003553119    0.003882673
   31.637698613    0.003479214    0.003825268
   31.681823715    0.003406272    0.003767748
   31.725948818    0.003334323    0.003710162
   31.770073921    0.003263391    0.003652554
   31.814199023    0.003193499    0.003594967
   31.858324126    0.003124665    0.003537443
   31.902449229    0.003056907    0.003480020
   31.946574331    0.002990237    0.003422738
   31.990699434    0.002924664    0.003365631
   32.034824537    0.002860194    0.003308736
   32.078949639    0.002796829    0.003252086
   32.123074742    0.002734570    0.003195711
   32.167199845    0.002673414    0.003139643
   32.211324947    0.002613361    0.003083912
   32.255450050    0.002554409    0.003028543
   32.299575153    0.002496556    0.002973565
   32.343700255    0.002439799    0.002919003
   32.387825358    0.002384137    0.002864879
   32.431950461    0.002329563    0.002811216
   32.476075563    0.002276075    0.002758036
   32.520200666    0.002223665    0.002705359
   32.564325769    0.002172326    0.002653203
   32.608450871    0.002122051    0.002601585
   32.652575974    0.002072828    0.002550522
   32.696701077    0.002024643    0.002500028
   32.740826179    0.001977480    0.002450117
   32.784951282    0.001931321    0.002400803
   32.829076385    0.001886146    0.002352097
   32.873201487    0.001841935    0.002304010
   32.917326590    0.001798670    0.002256552
   32.961451693    0.001756329    0.002209730
   33.005576796    0.001714892    0.002163555
   33.049701898    0.001674340    0.002118032
   33.093827001    0.001634653    0.002073167
   33.137952104    0.001595813    0.002028965
   33.182077206    0.001557806    0.001985431
   33.226202309    0.001520617    0.001942568
   33.270327412    0.001484231    0.001900378
   33.314452514    0.001448635    0.001858861
   33.358577617    0.001413814    0.001818019
   33.402702720    0.001379754    0.001777852
   33.446827822    0.001346440    0.001738357
   33.490952925    0.001313858    0.001699534
   33.535078028    0.001281993    0.001661379
   33.579203130    0.001250829    0.001623890
   33.623328233    0.001220350    0.001587064
   33.667453336    0.001190540    0.001550895
   33.711578438    0.001161382    0.001515382
   33.755703541    0.001132859    0.001480518
   33.799828644    0.001104956    0.001446299
   33.843953746    0.001077660    0.001412721
   33.888078849    0.001050957    0.001379778
   33.932203952    0.001024836    0.001347464
   33.976329054    0.000999283    0.001315774
   34.020454157    0.000974288    0.001284702
   34.064579260    0.000949841    0.001254241
   34.108704362    0.000925932    0.001224386
   34.152829465    0.000902553    0.001195129
   34.196954568    0.000879695    0.001166464
   34.241079670    0.000857349    0.001138382
   34.285204773    0.000835504    0.001110876
   34.329329876    0.000814151    0.001083939
   34.373454978    0.000793279    0.001057562
   34.417580081    0.000772876    0.001031738
   34.461705184    0.000752932    0.001006457
   34.505830286    0.000733436    0.000981711
   34.549955389    0.000714377    0.000957492
   34.594080492    0.000695744    0.000933792
   34.638205594    0.000677527    0.000910600
   34.682330697    0.000659714    0.000887910
   34.726455800    0.000642297    0.000865713
   34.770580902    0.000625266    0.000843998
   34.814706005    0.000608615    0.000822759
   34.858831108    0.000592337    0.000801987
   34.902956210    0.000576423    0.000781672
   34.947081313    0.000560867    0.000761806
   34.991206416    0.000545661    0.000742381
   35.035331518    0.000530799    0.000723388
   35.079456621    0.000516275    0.000704818
   35.123581724    0.000502081    0.000686664
   35.167706826    0.000488212    0.000668916
   35.211831929    0.000474659    0.000651567
   35.255957032    0.000461414    0.000634609
   35.300082134    0.000448471    0.000618033
   35.344207237    0.000435821    0.000601831
   35.388332340    0.000423458    0.000585997
   35.432457442    0.000411375    0.000570521
   35.476582545    0.000399565    0.000555398
   35.520707648    0.000388024    0.000540620
   35.564832750    0.000376744    0.000526180
   35.608957853    0.000365721    0.000512071
   35.653082956    0.000354949    0.000498286
   35.697208058    0.000344425    0.000484818
   35.741333161    0.000334145    0.000471662
   35.785458264    0.000324105    0.000458811
   35.829583366    0.000314301    0.000446259
   35.873708469    0.000304728    0.000433998
   35.917833572    0.000295383    0.000422024
   35.961958674    0.000286262    0.000410331
   36.006083777    0.000277358    0.000398912
   36.050208880    0.000268669    0.000387762
   36.094333982    0.000260190    0.000376876
   36.138459085    0.000251916    0.000366247
   36.182584188    0.000243842    0.000355871
   36.226709290    0.000235963    0.000345743
   36.270834393    0.000228275    0.000335856
   36.314959496    0.000220773    0.000326208
   36.359084598    0.000213453    0.000316791
   36.403209701    0.000206313    0.000307603
   36.447334804    0.000199349    0.000298637
   36.491459906    0.000192557    0.000289890
   36.535585009    0.000185935    0.000281357
   36.579710112    0.000179479    0.000273034
   36.623835214    0.000173186    0.000264917
   36.667960317    0.000167055    0.000257000
   36.712085420    0.000161082    0.000249280
   36.756210522    0.000155265    0.000241753
   36.800335625    0.000149601    0.000234414
   36.844460728    0.000144087    0.000227260
   36.888585830    0.000138719    0.000220287
   36.932710933    0.000133495    0.000213490
   36.976836036    0.000128411    0.000206867
   37.020961138    0.000123465    0.000200413
   37.065086241    0.000118655    0.000194124
   37.109211344    0.000113977    0.000187997
   37.153336446    0.000109428    0.000182030
   37.197461549    0.000105007    0.000176217
   37.241586652    0.000100710    0.000170557
   37.285711754    0.000096536    0.000165045
   37.329836857    0.000092484    0.000159678
   37.373961960    0.000088551    0.000154455
   37.418087062    0.000084736    0.000149370
   37.462212165    0.000081036    0.000144422
   37.506337268    0.000077450    0.000139607
   37.550462370    0.000073976    0.000134922
   37.594587473    0.000070611    0.000130365
   37.638712576    0.000067355    0.000125933
   37.682837678    0.000064205    0.000121622
   37.726962781    0.000061160    0.000117431
   37.771087884    0.000058217    0.000113356
   37.815212986    0.000055373    0.000109395
   37.859338089    0.000052628    0.000105545
   37.903463192    0.000049978    0.000101805
   37.947588294    0.000047423    0.000098170
   37.991713397    0.000044961    0.000094640
   38.035838500    0.000042590    0.000091212
   38.079963602    0.000040308    0.000087882
   38.124088705    0.000038114    0.000084651
   38.168213808    0.000036006    0.000081514
   38.212338910    0.000033983    0.000078470
   38.256464013    0.000032043    0.000075516
   38.300589116    0.000030185    0.000072652
   38.344714218    0.000028407    0.000069874
   38.388839321    0.000026708    0.000067180
   38.432964424    0.000025085    0.000064569
   38.477089526    0.000023536    0.000062038
   38.521214629    0.000022060    0.000059587
   38.565339732    0.000020655    0.000057211
   38.609464834    0.000019320    0.000054911
   38.653589937    0.000018052    0.000052684
   38.697715040    0.000016849    0.000050528
   38.741840142    0.000015709    0.000048442
   38.785965245    0.000014630    0.000046424
   38.830090348    0.000013610    0.000044472
   38.874215450    0.000012647    0.000042585
   38.918340553    0.000011740    0.000040761
   38.962465656    0.000010886    0.000038999
   39.006590758    0.000010085    0.000037296
   39.050715861    0.000009333    0.000035652
   39.094840964    0.000008628    0.000034066
   39.138966066    0.000007969    0.000032535
   39.183091169    0.000007353    0.000031058
   39.227216272    0.000006779    0.000029633
   39.271341374    0.000006245    0.000028261
   39.315466477    0.000005749    0.000026938
   39.359591580    0.000005288    0.000025664
   39.403716682    0.000004861    0.000024438
   39.447841785    0.000004465    0.000023258
   39.491966888    0.000004099    0.000022123
   39.536091990    0.000003761    0.000021031
   39.580217093    0.000003450    0.000019982
   39.624342196    0.000003163    0.000018975
   39.668467298    0.000002899    0.000018008
   39.712592401    0.000002657    0.000017080
   39.756717504    0.000002434    0.000016189
   39.800842606    0.000002230    0.000015336
   39.844967709    0.000002043    0.000014519
   39.889092812    0.000001872    0.000013736
   39.933217914    0.000001717    0.000012987
   39.977343017    0.000001575    0.000012271
   40.021468120    0.000001445    0.000011587
   40.065593222    0.000001327    0.000010933
   40.109718325    0.000001219    0.000010309
   40.153843428    0.000001121    0.000009714
   40.197968530    0.000001032    0.000009147
   40.242093633    0.000000951    0.000008606
   40.286218736    0.000000878    0.000008092
   40.330343838    0.000000811    0.000007603
   40.374468941    0.000000750    0.000007138
   40.418594044    0.000000694    0.000006697
   40.462719146    0.000000644    0.000006278
   40.506844249    0.000000598    0.000005881
   40.550969352    0.000000556    0.000005505
   40.595094454    0.000000518    0.000005149
   40.639219557    0.000000484    0.000004813
   40.683344660    0.000000452    0.000004495
   40.727469762    0.000000423    0.000004195
   40.771594865    0.000000397    0.000003912
   40.815719968    0.000000373    0.000003646
   40.859845070    0.000000352    0.000003396
   40.903970173    0.000000332    0.000003160
   40.948095276    0.000000314    0.000002939
   40.992220378    0.000000298    0.000002731
   41.036345481    0.000000282    0.000002537
   41.080470584    0.000000268    0.000002355
   41.124595686    0.000000256    0.000002185
   41.168720789    0.000000244    0.000002026
   41.212845892    0.000000234    0.000001878
   41.256970994    0.000000224    0.000001739
   41.301096097    0.000000215    0.000001611
   41.345221200    0.000000206    0.000001491
   41.389346302    0.000000198    0.000001380
   41.433471405    0.000000191    0.000001277
   41.477596508    0.000000184    0.000001181
   41.521721610    0.000000178    0.000001093
   41.565846713    0.000000173    0.000001011
   41.609971816    0.000000168    0.000000936
   41.654096918    0.000000163    0.000000866
   41.698222021    0.000000158    0.000000802
   41.742347124    0.000000153    0.000000742
   41.786472226    0.000000149    0.000000688
   41.830597329    0.000000146    0.000000638
   41.874722432    0.000000143    0.000000592
   41.918847534    0.000000140    0.000000550
   41.962972637    0.000000137    0.000000511
   42.007097740    0.000000134    0.000000475
   42.051222842    0.000000131    0.000000443
   42.095347945    0.000000128    0.000000413
   42.139473048    0.000000126    0.000000386
   42.183598150    0.000000124    0.000000361
   42.227723253    0.000000122    0.000000338
   42.271848356    0.000000120    0.000000318
   42.315973458    0.000000118    0.000000299
   42.360098561    0.000000116    0.000000282
   42.404223664    0.000000114    0.000000266
   42.448348766    0.000000113    0.000000252
   42.492473869    0.000000112    0.000000238
   42.536598972    0.000000110    0.000000226
   42.580724074    0.000000109    0.000000216
   42.624849177    0.000000107    0.000000206
   42.668974280    0.000000106    0.000000197
   42.713099382    0.000000105    0.000000188
   42.757224485    0.000000104    0.000000181
   42.801349588    0.000000103    0.000000174
   42.845474690    0.000000103    0.000000168
   42.889599793    0.000000102    0.000000162
   42.933724896    0.000000100    0.000000157
   42.977849998    0.000000099    0.000000152
   43.021975101    0.000000098    0.000000147
   43.066100204    0.000000098    0.000000143
   43.110225306    0.000000097    0.000000140
   43.154350409    0.000000097    0.000000136
   43.198475512    0.000000096    0.000000133
   43.242600614    0.000000095    0.000000131
   43.286725717    0.000000094    0.000000128
   43.330850820    0.000000094    0.000000126
   43.374975922    0.000000093    0.000000124
   43.419101025    0.000000093    0.000000122
   43.463226128    0.000000093    0.000000120
   43.507351230    0.000000093    0.000000119
   43.551476333    0.000000092    0.000000117
   43.595601436    0.000000092    0.000000116
   43.639726538    0.000000091    0.000000115
   43.683851641    0.000000091    0.000000114
   43.727976744    0.000000091    0.000000113
   43.772101846    0.000000091    0.000000112
   43.816226949    0.000000091    0.000000111
   43.860352052    0.000000091    0.000000111
   43.904477154    0.000000090    0.000000110
   43.948602257    0.000000090    0.000000110
   43.992727360    0.000000090    0.000000109
   44.036852462    0.000000090    0.000000109
   44.080977565    0.000000090    0.000000109
