    0.000000000    0.008824021    0.091345130
    0.044125103    0.008852095    0.091550629
    0.088250205    0.008938399    0.092166890
    0.132375308    0.009087816    0.093193147
    0.176500411    0.009304937    0.094628155
    0.220625513    0.009591484    0.096470195
    0.264750616    0.009946114    0.098717051
    0.308875719    0.010366765    0.101365944
    0.353000821    0.010853837    0.104413457
    0.397125924    0.011411934    0.107855465
    0.441251027    0.012048899    0.111687093
    0.485376129    0.012772861    0.115902692
    0.529501232    0.013589458    0.120495808
    0.573626335    0.014501249    0.125459115
    0.617751437    0.015509783    0.130784328
    0.661876540    0.016618829    0.136462089
    0.706001643    0.017836468    0.142481895
    0.750126745    0.019174538    0.148832046
    0.794251848    0.020645878    0.155499656
    0.838376951    0.022261387    0.162470660
    0.882502053    0.024029072    0.169729820
    0.926627156    0.025955809    0.177260714
    0.970752259    0.028050581    0.185045710
    1.014877361    0.030326890    0.193065971
    1.059002464    0.032802628    0.201301493
    1.103127567    0.035497550    0.209731193
    1.147252669    0.038430206    0.218333014
    1.191377772    0.041616607    0.227084031
    1.235502875    0.045071626    0.235960557
    1.279627977    0.048812156    0.244938243
    1.323753080    0.052859762    0.253992229
    1.367878183    0.057240930    0.263097329
    1.412003285    0.061984745    0.272228286
    1.456128388    0.067119676    0.281360022
    1.500253491    0.072671809    0.290467890
    1.544378593    0.078665791    0.299527872
    1.588503696    0.085127769    0.308516742
    1.632628799    0.092088168    0.317412206
    1.676753901    0.099582219    0.326193047
    1.720879004    0.107647775    0.334839274
    1.765004107    0.116321894    0.343332254
    1.809129209    0.125638530    0.351654812
    1.853254312    0.135628865    0.359791277
    1.897379415    0.146323847    0.367727492
    1.941504517    0.157756890    0.375450808
    1.985629620    0.169964508    0.382950096
    2.029754723    0.182984151    0.390215774
    2.073879825    0.196850464    0.397239844
    2.118004928    0.211592337    0.404015894
    2.162130031    0.227232492    0.410539055
    2.206255133    0.243789506    0.416805909
    2.250380236    0.261280357    0.422814389
    2.294505339    0.279721204    0.428563680
    2.338630441    0.299125361    0.434054146
    2.382755544    0.319499472    0.439287285
    2.426880647    0.340840205    0.444265657
    2.471005749    0.363133428    0.448992793
    2.515130852    0.386356057    0.453473073
    2.559255955    0.410478842    0.457711589
    2.603381057    0.435467708    0.461714041
    2.647506160    0.461282342    0.465486658
    2.691631263    0.487872735    0.469036142
    2.735756365    0.515175964    0.472369619
    2.779881468    0.543115327    0.475494553
    2.824006571    0.571602343    0.478418642
    2.868131673    0.600540061    0.481149696
    2.912256776    0.629825211    0.483695548
    2.956381879    0.659347604    0.486063994
    3.000506981    0.688987234    0.488262767
    3.044632084    0.718611275    0.490299519
    3.088757187    0.748073426    0.492181768
    3.132882289    0.777216495    0.493916837
    3.177007392    0.805877037    0.495511762
    3.221132495    0.833889530    0.496973238
    3.265257597    0.861088152    0.498307592
    3.309382700    0.887306011    0.499520791
    3.353507803    0.912373653    0.500618462
    3.397632905    0.936119121    0.501605881
    3.441758008    0.958370720    0.502487945
    3.485883111    0.978961601    0.503269112
    3.530008213    0.997733980    0.503953369
    3.574133316    1.014541102    0.504544223
    3.618258419    1.029246877    0.505044734
    3.662383521    1.041724968    0.505457549
    3.706508624    1.051859759    0.505784916
    3.750633727    1.059550419    0.506028666
    3.794758829    1.064717114    0.506190171
    3.838883932    1.067306757    0.506270312
    3.883009035    1.067295754    0.506269470
    3.927134137    1.064688945    0.506187565
    3.971259240    1.059516129    0.506024090
    4.015384343    1.051828700    0.505778140
    4.059509445    1.041698184    0.505448391
    4.103634548    1.029216569    0.505033067
    4.147759651    1.014496547    0.504529899
    4.191884753    0.997669605    0.503936125
    4.236009856    0.978881357    0.503248516
    4.280134959    0.958285569    0.502463421
    4.324260061    0.936039459    0.501576804
    4.368385164    0.912302145    0.500584236
    4.412510267    0.887236039    0.499480864
    4.456635369    0.861008998    0.498261387
    4.500760472    0.833794547    0.496920054
    4.544885575    0.805768879    0.495450706
    4.589010677    0.777105623    0.493846844
    4.633135780    0.747970951    0.492101683
    4.677260883    0.718521339    0.490208177
    4.721385985    0.688904422    0.488159021
    4.765511088    0.659261295    0.485946643
    4.809636191    0.629727685    0.483563239
    4.853761293    0.600432514    0.481000843
    4.897886396    0.571494418    0.478251430
    4.942011499    0.543018503    0.475307007
    4.986136601    0.515095585    0.472159688
    5.030261704    0.487804448    0.468801725
    5.074386807    0.461215536    0.465225542
    5.118511909    0.435393466    0.461423791
    5.162637012    0.410396640    0.457389452
    5.206762115    0.386274358    0.453115966
    5.250887217    0.363063715    0.448597357
    5.295012320    0.340788783    0.443828333
    5.339137423    0.319462968    0.438804341
    5.383262525    0.299093200    0.433521613
    5.427387628    0.279683269    0.427977233
    5.471512731    0.261234288    0.422169232
    5.515637833    0.243742344    0.416096733
    5.559762936    0.227195453    0.409760073
    5.603888039    0.211572497    0.403160905
    5.648013141    0.196845373    0.396302246
    5.692138244    0.182983286    0.389188495
    5.736263347    0.169956522    0.381825454
    5.780388449    0.157737409    0.374220370
    5.824513552    0.146298154    0.366381991
    5.868638655    0.135607502    0.358320617
    5.912763757    0.125629004    0.350048103
    5.956888860    0.116322470    0.341577807
    6.001013963    0.107647877    0.332924507
    6.045139065    0.099569153    0.324104314
    6.089264168    0.092055307    0.315134612
    6.133389271    0.085078256    0.306034015
    6.177514373    0.078609053    0.296822307
    6.221639476    0.072615394    0.287520342
    6.265764579    0.067062301    0.278149859
    6.309889681    0.061915617    0.268733252
    6.354014784    0.057145815    0.259293322
    6.398139887    0.052729433    0.249853045
    6.442264989    0.048647073    0.240435375
    6.486390092    0.044879423    0.231063062
    6.530515195    0.041404184    0.221758449
    6.574640297    0.038196128    0.212543254
    6.618765400    0.035230254    0.203438332
    6.662890503    0.032485750    0.194463477
    6.707015606    0.029947854    0.185637279
    6.751140708    0.027606204    0.176977053
    6.795265811    0.025450831    0.168498814
    6.839390914    0.023468632    0.160217242
    6.883516016    0.021642863    0.152145624
    6.927641119    0.019955988    0.144295770
    6.971766222    0.018393811    0.136677936
    7.015891324    0.016947830    0.129300795
    7.060016427    0.015614066    0.122171470
    7.104141530    0.014389136    0.115295602
    7.148266632    0.013266379    0.108677428
    7.192391735    0.012234809    0.102319825
    7.236516838    0.011281645    0.096224329
    7.280641940    0.010396584    0.090391155
    7.324767043    0.009574683    0.084819267
    7.368892146    0.008815717    0.079506484
    7.413017248    0.008120434    0.074449632
    7.457142351    0.007486369    0.069644676
    7.501267454    0.006906250    0.065086810
    7.545392556    0.006370148    0.060770507
    7.589517659    0.005869820    0.056689543
    7.633642762    0.005402091    0.052837064
    7.677767864    0.004968776    0.049205685
    7.721892967    0.004573169    0.045787639
    7.766018070    0.004215594    0.042574904
    7.810143172    0.003891243    0.039559289
    7.854268275    0.003591877    0.036732466
    7.898393378    0.003310174    0.034085975
    7.942518480    0.003043576    0.031611254
    7.986643583    0.002794815    0.029299711
    8.030768686    0.002568703    0.027142834
    8.074893788    0.002367468    0.025132296
    8.119018891    0.002188031    0.023260009
    8.163143994    0.002023189    0.021518127
    8.207269096    0.001865902    0.019899007
    8.251394199    0.001713568    0.018395193
    8.295519302    0.001569170    0.016999441
    8.339644404    0.001438440    0.015704794
    8.383769507    0.001325043    0.014504652
    8.427894610    0.001227273    0.013392802
    8.472019712    0.001138680    0.012363387
    8.516144815    0.001052200    0.011410839
    8.560269918    0.000964809    0.010529828
    8.604395020    0.000879329    0.009715252
    8.648520123    0.000802021    0.008962292
    8.692645226    0.000737686    0.008266465
    8.736770328    0.000685805    0.007623651
    8.780895431    0.000640545    0.007030049
    8.825020534    0.000594652    0.006482102
    8.869145636    0.000544451    0.005976423
    8.913270739    0.000492306    0.005509778
    8.957395842    0.000444731    0.005079129
    9.001520944    0.000407472    0.004681687
    9.045646047    0.000381117    0.004314950
    9.089771150    0.000360428    0.003976658
    9.133896252    0.000337926    0.003664722
    9.178021355    0.000309159    0.003377142
    9.222146458    0.000275841    0.003111979
    9.266271560    0.000244537    0.002867399
    9.310396663    0.000221817    0.002641735
    9.354521766    0.000209360    0.002433531
    9.398646868    0.000202566    0.002241519
    9.442771971    0.000193752    0.002064535
    9.486897074    0.000177620    0.001901446
    9.531022176    0.000155073    0.001751113
    9.575147279    0.000132554    0.001612427
    9.619272382    0.000117347    0.001484391
    9.663397484    0.000112216    0.001366168
    9.707522587    0.000113278    0.001257069
    9.751647690    0.000112700    0.001156486
    9.795772792    0.000104308    0.001063794
    9.839897895    0.000088065    0.000978323
    9.884022998    0.000070132    0.000899386
    9.928148100    0.000058413    0.000826362
    9.972273203    0.000056779    0.000758764
   10.016398306    0.000062162    0.000696236
   10.060523408    0.000066675    0.000638487
   10.104648511    0.000063269    0.000585191
   10.148773614    0.000050863    0.000535948
   10.192898716    0.000035182    0.000490303
   10.237023819    0.000024655    0.000447842
   10.281148922    0.000024278    0.000408264
   10.325274024    0.000031911    0.000371395
   10.369399127    0.000039721    0.000337124
   10.413524230    0.000039806    0.000305298
   10.457649332    0.000029940    0.000275667
   10.501774435    0.000015262    0.000247904
   10.545899538    0.000004615    0.000221696
   10.590024640    0.000004135    0.000196834
   10.634149743    0.000012722    0.000173235
   10.678274846    0.000022735    0.000150888
   10.722399948    0.000025455    0.000129738
   10.766525051    0.000017429    0.000109620
   10.810650154    0.000003052    0.000090266
   10.854775256   -0.000008536    0.000071403
   10.898900359   -0.000010053    0.000052851
   10.943025462   -0.000001431    0.000034563
   10.987150564    0.000010023    0.000016573
   11.031275667    0.000014838   -0.000001123
   11.075400770    0.000008256   -0.000018652
   11.119525872   -0.000006236   -0.000036266
   11.163650975   -0.000019330   -0.000054246
   11.207776078   -0.000022607   -0.000072787
   11.251901180   -0.000014708   -0.000091943
   11.296026283   -0.000002443   -0.000111678
   11.340151386    0.000004041   -0.000131983
   11.384276488   -0.000001389   -0.000152984
   11.428401591   -0.000016324   -0.000174956
   11.472526694   -0.000031438   -0.000198228
   11.516651796   -0.000037197   -0.000223055
   11.560776899   -0.000030830   -0.000249546
   11.604902002   -0.000018474   -0.000277701
   11.649027104   -0.000010853   -0.000307542
   11.693152207   -0.000015535   -0.000339237
   11.737277310   -0.000031367   -0.000373130
   11.781402412   -0.000049175   -0.000409649
   11.825527515   -0.000058350   -0.000449167
   11.869652618   -0.000054584   -0.000491904
   11.913777720   -0.000043147   -0.000537959
   11.957902823   -0.000035228   -0.000587442
   12.002027926   -0.000039878   -0.000640625
   12.046153028   -0.000057388   -0.000697988
   12.090278131   -0.000078932   -0.000760138
   12.134403234   -0.000092884   -0.000827650
   12.178528336   -0.000093284   -0.000900949
   12.222653439   -0.000084337   -0.000980326
   12.266778542   -0.000077555   -0.001066078
   12.310903644   -0.000083523   -0.001158684
   12.355028747   -0.000104177   -0.001258877
   12.399153850   -0.000131268   -0.001367575
   12.443278952   -0.000152237   -0.001485699
   12.487404055   -0.000159368   -0.001614036
   12.531529158   -0.000155577   -0.001753231
   12.575654260   -0.000152549   -0.001903941
   12.619779363   -0.000162433   -0.002067033
   12.663904466   -0.000189032   -0.002243696
   12.708029568   -0.000224926   -0.002435380
   12.752154671   -0.000256746   -0.002643604
   12.796279774   -0.000274916   -0.002869784
   12.840404876   -0.000280834   -0.003115203
   12.884529979   -0.000286184   -0.003381173
   12.928655082   -0.000304712   -0.003669272
   12.972780184   -0.000342338   -0.003981499
   13.016905287   -0.000392780   -0.004320232
   13.061030390   -0.000442025   -0.004688024
   13.105155492   -0.000478572   -0.005087389
   13.149280595   -0.000502072   -0.005520751
   13.193405698   -0.000524020   -0.005990606
   13.237530800   -0.000559807   -0.006499815
   13.281655903   -0.000617758   -0.007051811
   13.325781006   -0.000693102   -0.007650592
   13.369906108   -0.000771413   -0.008300501
   13.414031211   -0.000839218   -0.009005966
   13.458156314   -0.000894185   -0.009771414
   13.502281416   -0.000947421   -0.010601442
   13.546406519   -0.001016014   -0.011501171
   13.590531622   -0.001111035   -0.012476536
   13.634656724   -0.001229687   -0.013534330
   13.678781827   -0.001357446   -0.014681974
   13.722906930   -0.001478886   -0.015927192
   13.767032032   -0.001589487   -0.017277873
   13.811157135   -0.001699795   -0.018742262
   13.855282238   -0.001828706   -0.020329392
   13.899407340   -0.001990503   -0.022049498
   13.943532443   -0.002184985   -0.023914139
   13.987657546   -0.002398006   -0.025935949
   14.031782648   -0.002612324   -0.028128232
   14.075907751   -0.002821084   -0.030504736
   14.120032854   -0.003034148   -0.033079841
   14.164157956   -0.003272420   -0.035869122
   14.208283059   -0.003554008   -0.038889946
   14.252408162   -0.003882132   -0.042161713
   14.296533264   -0.004243703   -0.045705592
   14.340658367   -0.004619942   -0.049543947
   14.384783470   -0.005001623   -0.053699939
   14.428908572   -0.005397897   -0.058197690
   14.473033675   -0.005832054   -0.063063043
   14.517158778   -0.006326939   -0.068324485
   14.561283880   -0.006890403   -0.074013625
   14.605408983   -0.007511501   -0.080164834
   14.649534086   -0.008170567   -0.086814231
   14.693659188   -0.008856259   -0.093998744
   14.737784291   -0.009577301   -0.101756076
   14.781909394   -0.010360146   -0.110125979
   14.826034496   -0.011233821   -0.119152363
   14.870159599   -0.012212669   -0.128885080
   14.914284702   -0.013289614   -0.139379989
   14.958409804   -0.014445287   -0.150696518
   15.002534907   -0.015666931   -0.162892979
   15.046660010   -0.016963552   -0.176020887
   15.090785112   -0.018366109   -0.190120013
   15.134910215   -0.019912057   -0.205215485
   15.179035318   -0.021625069   -0.221317320
   15.223160420   -0.023504696   -0.238421724
   15.267285523   -0.025534017   -0.256512899
   15.311410626   -0.027700432   -0.275564162
   15.355535728   -0.030014887   -0.295537833
   15.399660831   -0.032515404   -0.316384061
   15.443785934   -0.035251713   -0.338039303
   15.487911036   -0.038261564   -0.360425222
   15.532036139   -0.041555881   -0.383448478
   15.576161242   -0.045124151   -0.407001531
   15.620286344   -0.048957116   -0.430964293
   15.664411447   -0.053070930   -0.455206462
   15.708536550   -0.057515166   -0.479590401
   15.752661652   -0.062358109   -0.503974519
   15.796786755   -0.067659166   -0.528217030
   15.840911858   -0.073448229   -0.552179842
   15.885036960   -0.079727702   -0.575732246
   15.929162063   -0.086497053   -0.598754063
   15.973287166   -0.093783143   -0.621137983
   16.017412268   -0.101654452   -0.642790989
   16.061537371   -0.110207975   -0.663634849
   16.105662474   -0.119537064   -0.683605753
   16.149787576   -0.129703071   -0.702653323
   16.193912679   -0.140732197   -0.720739396
   16.238037782   -0.152641728   -0.737837123
   16.282162884   -0.165478400   -0.753930879
   16.326287987   -0.179341592   -0.769017164
   16.370413090   -0.194373380   -0.783106083
   16.414538192   -0.210720716   -0.796222466
   16.458663295   -0.228495969   -0.808405498
   16.502788398   -0.247765261   -0.819706134
   16.546913500   -0.268575777   -0.830182446
   16.591038603   -0.291005334   -0.839894009
   16.635163706   -0.315199620   -0.848896998
   16.679288808   -0.341368586   -0.857241405
   16.723413911   -0.369741054   -0.864970885
   16.767539014   -0.400507460   -0.872124591
   16.811664116   -0.433792488   -0.878739589
   16.855789219   -0.469681700   -0.884852438
   16.899914322   -0.508289038   -0.890499259
   16.944039424   -0.549820052   -0.895714608
   16.988164527   -0.594582824   -0.900530114
   17.032289630   -0.642930275   -0.904973876
   17.076414732   -0.695165552   -0.909070973
   17.120539835   -0.751474743   -0.912844679
   17.164664938   -0.811943174   -0.916317552
   17.208790040   -0.876662912   -0.919511731
   17.252915143   -0.945876561   -0.922448355
   17.297040246   -1.020064985   -0.925146636
   17.341165348   -1.099901176   -0.927623316
   17.385290451   -1.186055909   -0.929892915
   17.429415554   -1.278920098   -0.931968615
   17.473540656   -1.378359435   -0.933863176
   17.517665759   -1.483609185   -0.935589287
   17.561790862   -1.593353780   -0.937159174
   17.605915964   -1.705950729   -0.938583824
   17.650041067   -1.819696372   -0.939872417
   17.694166170   -1.933022653   -0.941032421
   17.738291272   -2.044559455   -0.942070289
   17.782416375   -2.153067668   -0.942992278
   17.826541478   -2.257305675   -0.943804832
   17.870666580   -2.355909924   -0.944514290
   17.914791683   -2.447347083   -0.945126173
   17.958916786   -2.529951147   -0.945644582
   18.003041888   -2.602020739   -0.946072175
   18.047166991   -2.661936971   -0.946410738
   18.091292094   -2.708270738   -0.946661950
   18.135417196   -2.739867137   -0.946827796
   18.179542299   -2.755909096   -0.946910342
   18.223667402   -2.755965220   -0.946911046
   18.267792504   -2.740021509   -0.946830108
   18.311917607   -2.708490798   -0.946666342
   18.356042710   -2.662193128   -0.946417663
   18.400167812   -2.602304523   -0.946081824
   18.444292915   -2.530277070   -0.945656878
   18.488418018   -2.447737130   -0.945140993
   18.532543120   -2.356372237   -0.944531767
   18.576668223   -2.257823169   -0.943825506
   18.620793326   -2.153605059   -0.943016995
   18.664918428   -2.045083707   -0.942099915
   18.709043531   -1.933521989   -0.941067587
   18.753168634   -1.820183930   -0.939913487
   18.797293736   -1.706450050   -0.938631108
   18.841418839   -1.593876593   -0.937213234
   18.885543942   -1.484141729   -0.935651119
   18.929669044   -1.378867569   -0.933934131
   18.973794147   -1.279369958   -0.932050122
   19.017919250   -1.186435545   -0.929986212
   19.062044352   -1.100227695   -0.927729393
   19.106169455   -1.020371941   -0.925266439
   19.150294558   -0.946190424   -0.922583104
   19.194419660   -0.876985222   -0.919663132
   19.238544763   -0.812250924   -0.916487745
   19.282669866   -0.751738449   -0.913035970
   19.326794968   -0.695371812   -0.909285556
   19.370920071   -0.643092482   -0.905213748
   19.415045174   -0.594732323   -0.900797274
   19.459170276   -0.549984192   -0.896011393
   19.503295379   -0.508472073   -0.890828587
   19.547420482   -0.469862403   -0.885217795
   19.591545584   -0.433940254   -0.879144772
   19.635670687   -0.400605237   -0.872573409
   19.679795790   -0.369798477   -0.865467061
   19.723920892   -0.341415742   -0.857788764
   19.768045995   -0.315265898   -0.849499834
   19.812171098   -0.291098673   -0.840557378
   19.856296201   -0.268677391   -0.830912196
   19.900421303   -0.247843749   -0.820508665
   19.944546406   -0.228530673   -0.809287445
   19.988671509   -0.210717410   -0.797190563
   20.032796611   -0.194360855   -0.784167320
   20.076921714   -0.179351522   -0.770179158
   20.121046817   -0.165523020   -0.755202207
   20.165171919   -0.152705540   -0.739227402
   20.209297022   -0.140783821   -0.722259085
   20.253422125   -0.129718778   -0.704313435
   20.297547227   -0.119518978   -0.685417741
   20.341672330   -0.110183672   -0.665610805
   20.385797433   -0.101658138   -0.644944075
   20.429922535   -0.093831941   -0.623482847
   20.474047638   -0.086579615   -0.601306988
   20.518172741   -0.079813521   -0.578510989
   20.562297843   -0.073511066   -0.555203362
   20.606422946   -0.067697682   -0.531505394
   20.650548049   -0.062398689   -0.507549153
   20.694673151   -0.057594737   -0.483474630
   20.738798254   -0.053212095   -0.459426070
   20.782923357   -0.049153635   -0.435547807
   20.827048459   -0.045347427   -0.411980164
   20.871173562   -0.041777961   -0.388855919
   20.915298665   -0.038478096   -0.366297577
   20.959423767   -0.035488177   -0.344415430
   21.003548870   -0.032811933   -0.323306238
   21.047673973   -0.030400496   -0.303052479
   21.091799075   -0.028175321   -0.283722280
   21.135924178   -0.026072927   -0.265370139
   21.180049281   -0.024079131   -0.248038242
   21.224174383   -0.022228453   -0.231757795
   21.268299486   -0.020569571   -0.216549598
   21.312424589   -0.019121890   -0.202423343
   21.356549691   -0.017854322   -0.189375926
   21.400674794   -0.016701113   -0.177389877
   21.444799897   -0.015602914   -0.166433378
   21.488924999   -0.014543415   -0.156462891
   21.533050102   -0.013555297   -0.147428260
   21.577175205   -0.012691522   -0.139278907
   21.621300307   -0.011982791   -0.131969067
   21.665425410   -0.011411745   -0.125460448
   21.709550513   -0.010922268   -0.119721903
   21.753675615   -0.010456954   -0.114727140
   21.797800718   -0.009995658   -0.110452253
   21.841925821   -0.009567445   -0.106874604
   21.886050923   -0.009227454   -0.103973472
   21.930176026   -0.009015434   -0.101731719
   21.974301129   -0.008925811   -0.100137141
   22.018426231   -0.008910749   -0.099182552
   22.062551334   -0.008913942   -0.098864641
   22.106676437   -0.008910749   -0.099182518
   22.150801539   -0.008925808   -0.100137073
   22.194926642   -0.009015426   -0.101731616
   22.239051745   -0.009227439   -0.103973334
   22.283176847   -0.009567424   -0.106874430
   22.327301950   -0.009995634   -0.110452043
   22.371427053   -0.010456929   -0.114726892
   22.415552155   -0.010922243   -0.119721616
   22.459677258   -0.011411717   -0.125460120
   22.503802361   -0.011982757   -0.131968697
   22.547927463   -0.012691480   -0.139278493
   22.592052566   -0.013555247   -0.147427800
   22.636177669   -0.014543360   -0.156462382
   22.680302771   -0.015602856   -0.166432818
   22.724427874   -0.016701053   -0.177389262
   22.768552977   -0.017854258   -0.189375255
   22.812678079   -0.019121818   -0.202422615
   22.856803182   -0.020569487   -0.216548812
   22.900928285   -0.022228358   -0.231756951
   22.945053387   -0.024079027   -0.248037341
   22.989178490   -0.026072817   -0.265369183
   23.033303593   -0.028175205   -0.283721270
   23.077428695   -0.030400372   -0.303051417
   23.121553798   -0.032811798   -0.323305129
   23.165678901   -0.035488026   -0.344414278
   23.209804003   -0.038477927   -0.366296385
   23.253929106   -0.041777776   -0.388854694
   23.298054209   -0.045347230   -0.411978912
   23.342179311   -0.049153425   -0.435546534
   23.386304414   -0.053211870   -0.459424784
   23.430429517   -0.057594491   -0.483473339
   23.474554619   -0.062398419   -0.507547864
   23.518679722   -0.067697384   -0.531504116
   23.562804825   -0.073510741   -0.555202102
   23.606929927   -0.079813171   -0.578509752
   23.651055030   -0.086579240   -0.601305782
   23.695180133   -0.093831538   -0.623481677
   23.739305235   -0.101657701   -0.644942945
   23.783430338   -0.110183194   -0.665609719
   23.827555441   -0.119518454   -0.685416704
   23.871680543   -0.129718208   -0.704312448
   23.915805646   -0.140783205   -0.722258149
   23.959930749   -0.152704877   -0.739226519
   24.004055851   -0.165522307   -0.755201378
   24.048180954   -0.179350750   -0.770178382
   24.092306057   -0.194360016   -0.784166597
   24.136431159   -0.210716495   -0.797189890
   24.180556262   -0.228529679   -0.809286821
   24.224681365   -0.247842673   -0.820508086
   24.268806467   -0.268676233   -0.830911659
   24.312931570   -0.291097427   -0.840556880
   24.357056673   -0.315264552   -0.849499373
   24.401181775   -0.341414283   -0.857788337
   24.445306878   -0.369796892   -0.865466665
   24.489431981   -0.400603519   -0.872573043
   24.533557083   -0.433938398   -0.879144433
   24.577682186   -0.469860407   -0.885217482
   24.621807289   -0.508469928   -0.890828298
   24.665932391   -0.549981884   -0.896011126
   24.710057494   -0.594729831   -0.900797028
   24.754182597   -0.643089787   -0.905213521
   24.798307699   -0.695368901   -0.909285347
   24.842432802   -0.751735317   -0.913035778
   24.886557905   -0.812247569   -0.916487567
   24.930683007   -0.876981636   -0.919662969
   24.974808110   -0.946186587   -0.922582954
   25.018933213   -1.020367820   -0.925266301
   25.063058315   -1.100223250   -0.927729267
   25.107183418   -1.186430746   -0.929986096
   25.151308521   -1.279364797   -0.932050016
   25.195433623   -1.378862072   -0.933934035
   25.239558726   -1.484135954   -0.935651031
   25.283683829   -1.593870621   -0.937213155
   25.327808931   -1.706443971   -0.938631035
   25.371934034   -1.820177832   -0.939913422
   25.416059137   -1.933515950   -0.941067528
   25.460184239   -2.045077798   -0.942099862
   25.504309342   -2.153599346   -0.943016949
   25.548434445   -2.257817722   -0.943825466
   25.592559547   -2.356367133   -0.944531732
   25.636684650   -2.447732455   -0.945140963
   25.680809753   -2.530272913   -0.945656853
   25.724934855   -2.602300974   -0.946081804
   25.769059958   -2.662190270   -0.946417647
   25.813185061   -2.708488704   -0.946666331
   25.857310163   -2.740020231   -0.946830102
   25.901435266   -2.755964792   -0.946911044
   25.945560369   -2.755909530   -0.946910344
   25.989685471   -2.739868420   -0.946827802
   26.033810574   -2.708272836   -0.946661961
   26.077935677   -2.661939830   -0.946410754
   26.122060779   -2.602024290   -0.946072196
   26.166185882   -2.529955307   -0.945644607
   26.210310985   -2.447351762   -0.945126203
   26.254436087   -2.355915031   -0.944514325
   26.298561190   -2.257311123   -0.943804873
   26.342686293   -2.153073381   -0.942992325
   26.386811395   -2.044565362   -0.942070342
   26.430936498   -1.933028690   -0.941032480
   26.475061601   -1.819702470   -0.939872482
   26.519186703   -1.705956810   -0.938583897
   26.563311806   -1.593359754   -0.937159255
   26.607436909   -1.483614960   -0.935589375
   26.651562011   -1.378364930   -0.933863273
   26.695687114   -1.278925255   -0.931968722
   26.739812217   -1.186060705   -0.929893031
   26.783937319   -1.099905619   -0.927623443
   26.828062422   -1.020069106   -0.925146774
   26.872187525   -0.945880399   -0.922448506
   26.916312627   -0.876666498   -0.919511895
   26.960437730   -0.811946527   -0.916317731
   27.004562833   -0.751477872   -0.912844873
   27.048687935   -0.695168460   -0.909071184
   27.092813038   -0.642932968   -0.904974105
   27.136938141   -0.594585316   -0.900530362
   27.181063243   -0.549822361   -0.895714877
   27.225188346   -0.508291183   -0.890499550
   27.269313449   -0.469683695   -0.884852752
   27.313438551   -0.433794341   -0.878739930
   27.357563654   -0.400509176   -0.872124960
   27.401688757   -0.369742637   -0.864971284
   27.445813859   -0.341370046   -0.857241836
   27.489938962   -0.315200968   -0.848897463
   27.534064065   -0.291006582   -0.839894510
   27.578189167   -0.268576935   -0.830182987
   27.622314270   -0.247766334   -0.819706717
   27.666439373   -0.228496961   -0.808406127
   27.710564475   -0.210721630   -0.796223144
   27.754689578   -0.194374220   -0.783106812
   27.798814681   -0.179342365   -0.769017946
   27.842939783   -0.165479114   -0.753931714
   27.887064886   -0.152642390   -0.737838012
   27.931189989   -0.140732812   -0.720740339
   27.975315091   -0.129703638   -0.702654318
   28.019440194   -0.119537586   -0.683606799
   28.063565297   -0.110208453   -0.663635944
   28.107690399   -0.101654891   -0.642792128
   28.151815502   -0.093783548   -0.621139164
   28.195940605   -0.086497430   -0.598755281
   28.240065707   -0.079728052   -0.575733496
   28.284190810   -0.073448552   -0.552181116
   28.328315913   -0.067659463   -0.528218323
   28.372441015   -0.062358381   -0.503975824
   28.416566118   -0.057515415   -0.479591709
   28.460691221   -0.053071159   -0.455207766
   28.504816323   -0.048957329   -0.430965586
   28.548941426   -0.045124349   -0.407002805
   28.593066529   -0.041556065   -0.383449727
   28.637191631   -0.038261733   -0.360426440
   28.681316734   -0.035251866   -0.338040484
   28.725441837   -0.032515543   -0.316385201
   28.769566939   -0.030015015   -0.295538928
   28.813692042   -0.027700552   -0.275565208
   28.857817145   -0.025534130   -0.256513894
   28.901942247   -0.023504801   -0.238422668
   28.946067350   -0.021625165   -0.221318210
   28.990192453   -0.019912144   -0.205216321
   29.034317555   -0.018366188   -0.190120795
   29.078442658   -0.016963624   -0.176021617
   29.122567761   -0.015666998   -0.162893657
   29.166692863   -0.014445351   -0.150697148
   29.210817966   -0.013289674   -0.139380573
   29.254943069   -0.012212725   -0.128885622
   29.299068171   -0.011233870   -0.119152866
   29.343193274   -0.010360190   -0.110126445
   29.387318377   -0.009577341   -0.101756508
   29.431443479   -0.008856297   -0.093999144
   29.475568582   -0.008170603   -0.086814602
   29.519693685   -0.007511535   -0.080165177
   29.563818787   -0.006890435   -0.074013942
   29.607943890   -0.006326967   -0.068324778
   29.652068993   -0.005832079   -0.063063314
   29.696194095   -0.005397919   -0.058197941
   29.740319198   -0.005001644   -0.053700171
   29.784444301   -0.004619962   -0.049544161
   29.828569403   -0.004243722   -0.045705789
   29.872694506   -0.003882151   -0.042161896
   29.916819609   -0.003554025   -0.038890114
   29.960944711   -0.003272434   -0.035869278
   30.005069814   -0.003034159   -0.033079985
   30.049194917   -0.002821095   -0.030504869
   30.093320019   -0.002612335   -0.028128355
   30.137445122   -0.002398018   -0.025936061
   30.181570225   -0.002184996   -0.023914243
   30.225695327   -0.001990513   -0.022049594
   30.269820430   -0.001828714   -0.020329480
   30.313945533   -0.001699801   -0.018742344
   30.358070635   -0.001589493   -0.017277949
   30.402195738   -0.001478893   -0.015927261
   30.446320841   -0.001357453   -0.014682038
   30.490445943   -0.001229694   -0.013534390
   30.534571046   -0.001111041   -0.012476590
   30.578696149   -0.001016018   -0.011501221
   30.622821251   -0.000947424   -0.010601489
   30.666946354   -0.000894187   -0.009771457
   30.711071457   -0.000839221   -0.009006006
   30.755196559   -0.000771417   -0.008300537
   30.799321662   -0.000693106   -0.007650625
   30.843446765   -0.000617761   -0.007051842
   30.887571867   -0.000559810   -0.006499844
   30.931696970   -0.000524021   -0.005990632
   30.975822073   -0.000502073   -0.005520775
   31.019947175   -0.000478574   -0.005087412
   31.064072278   -0.000442027   -0.004688044
   31.108197381   -0.000392782   -0.004320251
   31.152322483   -0.000342341   -0.003981516
   31.196447586   -0.000304714   -0.003669288
   31.240572689   -0.000286184   -0.003381188
   31.284697791   -0.000280835   -0.003115216
   31.328822894   -0.000274916   -0.002869796
   31.372947997   -0.000256747   -0.002643616
   31.417073099   -0.000224928   -0.002435391
   31.461198202   -0.000189034   -0.002243706
   31.505323305   -0.000162434   -0.002067042
   31.549448407   -0.000152549   -0.001903950
   31.593573510   -0.000155576   -0.001753239
   31.637698613   -0.000159368   -0.001614043
   31.681823715   -0.000152238   -0.001485706
   31.725948818   -0.000131269   -0.001367581
   31.770073921   -0.000104179   -0.001258883
   31.814199023   -0.000083524   -0.001158689
   31.858324126   -0.000077555   -0.001066083
   31.902449229   -0.000084336   -0.000980330
   31.946574331   -0.000093284   -0.000900953
   31.990699434   -0.000092884   -0.000827654
   32.034824537   -0.000078933   -0.000760142
   32.078949639   -0.000057389   -0.000697992
   32.123074742   -0.000039879   -0.000640628
   32.167199845   -0.000035228   -0.000587445
   32.211324947   -0.000043147   -0.000537961
   32.255450050   -0.000054583   -0.000491906
   32.299575153   -0.000058350   -0.000449169
   32.343700255   -0.000049176   -0.000409651
   32.387825358   -0.000031368   -0.000373132
   32.431950461   -0.000015536   -0.000339239
   32.476075563   -0.000010852   -0.000307544
   32.520200666   -0.000018473   -0.000277702
   32.564325769   -0.000030830   -0.000249547
   32.608450871   -0.000037197   -0.000223056
   32.652575974   -0.000031438   -0.000198229
   32.696701077   -0.000016325   -0.000174957
   32.740826179   -0.000001390   -0.000152985
   32.784951282    0.000004041   -0.000131984
   32.829076385   -0.000002443   -0.000111679
   32.873201487   -0.000014707   -0.000091944
   32.917326590   -0.000022606   -0.000072788
   32.961451693   -0.000019330   -0.000054247
   33.005576796   -0.000006237   -0.000036267
   33.049701898    0.000008255   -0.000018653
   33.093827001    0.000014838   -0.000001124
   33.137952104    0.000010023    0.000016572
   33.182077206   -0.000001430    0.000034562
   33.226202309   -0.000010053    0.000052850
   33.270327412   -0.000008536    0.000071402
   33.314452514    0.000003051    0.000090265
   33.358577617    0.000017429    0.000109619
   33.402702720    0.000025455    0.000129737
   33.446827822    0.000022735    0.000150887
   33.490952925    0.000012723    0.000173234
   33.535078028    0.000004135    0.000196832
   33.579203130    0.000004615    0.000221695
   33.623328233    0.000015261    0.000247903
   33.667453336    0.000029939    0.000275665
   33.711578438    0.000039805    0.000305296
   33.755703541    0.000039721    0.000337122
   33.799828644    0.000031911    0.000371394
   33.843953746    0.000024278    0.000408262
   33.888078849    0.000024655    0.000447840
   33.932203952    0.000035181    0.000490301
   33.976329054    0.000050862    0.000535945
   34.020454157    0.000063269    0.000585189
   34.064579260    0.000066675    0.000638484
   34.108704362    0.000062163    0.000696233
   34.152829465    0.000056779    0.000758760
   34.196954568    0.000058413    0.000826358
   34.241079670    0.000070131    0.000899382
   34.285204773    0.000088064    0.000978319
   34.329329876    0.000104307    0.001063789
   34.373454978    0.000112700    0.001156480
   34.417580081    0.000113278    0.001257064
   34.461705184    0.000112216    0.001366162
   34.505830286    0.000117346    0.001484385
   34.549955389    0.000132553    0.001612420
   34.594080492    0.000155072    0.001751105
   34.638205594    0.000177619    0.001901438
   34.682330697    0.000193751    0.002064526
   34.726455800    0.000202566    0.002241509
   34.770580902    0.000209359    0.002433521
   34.814706005    0.000221817    0.002641723
   34.858831108    0.000244535    0.002867386
   34.902956210    0.000275839    0.003111965
   34.947081313    0.000309158    0.003377127
   34.991206416    0.000337925    0.003664706
   35.035331518    0.000360427    0.003976640
   35.079456621    0.000381116    0.004314931
   35.123581724    0.000407470    0.004681667
   35.167706826    0.000444728    0.005079106
   35.211831929    0.000492303    0.005509754
   35.255957032    0.000544448    0.005976397
   35.300082134    0.000594650    0.006482074
   35.344207237    0.000640543    0.007030019
   35.388332340    0.000685803    0.007623618
   35.432457442    0.000737682    0.008266430
   35.476582545    0.000802017    0.008962253
   35.520707648    0.000879324    0.009715210
   35.564832750    0.000964804    0.010529782
   35.608957853    0.001052195    0.011410790
   35.653082956    0.001138676    0.012363334
   35.697208058    0.001227268    0.013392744
   35.741333161    0.001325037    0.014504590
   35.785458264    0.001438434    0.015704727
   35.829583366    0.001569163    0.016999369
   35.873708469    0.001713560    0.018395115
   35.917833572    0.001865894    0.019898924
   35.961958674    0.002023180    0.021518037
   36.006083777    0.002188021    0.023259912
   36.050208880    0.002367458    0.025132192
   36.094333982    0.002568691    0.027142722
   36.138459085    0.002794803    0.029299591
   36.182584188    0.003043562    0.031611126
   36.226709290    0.003310159    0.034085837
   36.270834393    0.003591861    0.036732319
   36.314959496    0.003891227    0.039559133
   36.359084598    0.004215576    0.042574737
   36.403209701    0.004573149    0.045787462
   36.447334804    0.004968753    0.049205496
   36.491459906    0.005402066    0.052836863
   36.535585009    0.005869794    0.056689331
   36.579710112    0.006370120    0.060770282
   36.623835214    0.006906220    0.065086572
   36.667960317    0.007486336    0.069644425
   36.712085420    0.008120398    0.074449368
   36.756210522    0.008815678    0.079506206
   36.800335625    0.009574640    0.084818975
   36.844460728    0.010396538    0.090390850
   36.888585830    0.011281595    0.096224009
   36.932710933    0.012234756    0.102319492
   36.976836036    0.013266322    0.108677081
   37.020961138    0.014389073    0.115295240
   37.065086241    0.015613997    0.122171094
   37.109211344    0.016947756    0.129300407
   37.153336446    0.018393730    0.136677534
   37.197461549    0.019955901    0.144295356
   37.241586652    0.021642769    0.152145197
   37.285711754    0.023468531    0.160216803
   37.329836857    0.025450720    0.168498364
   37.373961960    0.027606083    0.176976594
   37.418087062    0.029947723    0.185636810
   37.462212165    0.032485609    0.194463000
   37.506337268    0.035230101    0.203437848
   37.550462370    0.038195963    0.212542763
   37.594587473    0.041404005    0.221757953
   37.638712576    0.044879229    0.231062561
   37.682837678    0.048646863    0.240434871
   37.726962781    0.052729206    0.249852539
   37.771087884    0.057145569    0.259292815
   37.815212986    0.061915351    0.268732746
   37.859338089    0.067062015    0.278149355
   37.903463192    0.072615084    0.287519841
   37.947588294    0.078608720    0.296821811
   37.991713397    0.085077896    0.306033524
   38.035838500    0.092054919    0.315134128
   38.079963602    0.099568735    0.324103837
   38.124088705    0.107647428    0.332924038
   38.168213808    0.116321988    0.341577348
   38.212338910    0.125628488    0.350047654
   38.256464013    0.135606949    0.358320179
   38.300589116    0.146297561    0.366381564
   38.344714218    0.157736775    0.374219956
   38.388839321    0.169955846    0.381825053
   38.432964424    0.182982565    0.389188107
   38.477089526    0.196844607    0.396301872
   38.521214629    0.211571684    0.403160545
   38.565339732    0.227194591    0.409759726
   38.609464834    0.243741432    0.416096400
   38.653589937    0.261233325    0.422168914
   38.697715040    0.279682254    0.427976928
   38.741840142    0.299092134    0.433521323
   38.785965245    0.319461851    0.438804064
   38.830090348    0.340787614    0.443828070
   38.874215450    0.363062496    0.448597108
   38.918340553    0.386273089    0.453115730
   38.962465656    0.410395323    0.457389229
   39.006590758    0.435392104    0.461423581
   39.050715861    0.461214131    0.465225344
   39.094840964    0.487803004    0.468801539
   39.138966066    0.515094105    0.472159514
   39.183091169    0.543016991    0.475306844
   39.227216272    0.571492878    0.478251277
   39.271341374    0.600430953    0.481000701
   39.315466477    0.629726107    0.483563106
   39.359591580    0.659259708    0.485946519
   39.403716682    0.688902833    0.488158906
   39.447841785    0.718519754    0.490208072
   39.491966888    0.747969380    0.492101585
   39.536091990    0.777104072    0.493846754
   39.580217093    0.805767358    0.495450623
   39.624342196    0.833793065    0.496919978
   39.668467298    0.861007564    0.498261319
   39.712592401    0.887234663    0.499480802
   39.756717504    0.912300836    0.500584180
   39.800842606    0.936038225    0.501576754
   39.844967709    0.958284419    0.502463376
   39.889092812    0.978880300    0.503248476
   39.933217914    0.997668649    0.503936091
   39.977343017    1.014495700    0.504529870
   40.021468120    1.029215839    0.505033042
   40.065593222    1.041697577    0.505448371
   40.109718325    1.051828221    0.505778124
   40.153843428    1.059515784    0.506024079
   40.197968530    1.064688736    0.506187558
   40.242093633    1.067295684    0.506269468
   40.286218736    1.067306826    0.506270314
   40.330343838    1.064717323    0.506190178
   40.374468941    1.059550764    0.506028677
   40.418594044    1.051860238    0.505784931
   40.462719146    1.041725575    0.505457569
   40.506844249    1.029247607    0.505044759
   40.550969352    1.014541948    0.504544252
   40.595094454    0.997734934    0.503953403
   40.639219557    0.978962657    0.503269152
   40.683344660    0.958371869    0.502487990
   40.727469762    0.936120356    0.501605932
   40.771594865    0.912374963    0.500618518
   40.815719968    0.887307387    0.499520853
   40.859845070    0.861089585    0.498307660
   40.903970173    0.833891011    0.496973313
   40.948095276    0.805878557    0.495511844
   40.992220378    0.777218046    0.493916926
   41.036345481    0.748074998    0.492181865
   41.080470584    0.718612860    0.490299624
   41.124595686    0.688988823    0.488262881
   41.168720789    0.659349191    0.486064116
   41.212845892    0.629826787    0.483695680
   41.256970994    0.600541622    0.481149837
   41.301096097    0.571603883    0.478418793
   41.345221200    0.543116840    0.475494715
   41.389346302    0.515177446    0.472369792
   41.433471405    0.487874180    0.469036326
   41.477596508    0.461283747    0.465486854
   41.521721610    0.435469070    0.461714250
   41.565846713    0.410480158    0.457711810
   41.609971816    0.386357326    0.453473306
   41.654096918    0.363134648    0.448993040
   41.698222021    0.340841375    0.444265917
   41.742347124    0.319500590    0.439287559
   41.786472226    0.299126427    0.434054434
   41.830597329    0.279722218    0.428563981
   41.874722432    0.261281320    0.422814704
   41.918847534    0.243790418    0.416806238
   41.962972637    0.227233354    0.410539397
   42.007097740    0.211593151    0.404016251
   42.051222842    0.196851230    0.397240214
   42.095347945    0.182984871    0.390216157
   42.139473048    0.169965183    0.382950492
   42.183598150    0.157757523    0.375451216
   42.227723253    0.146324440    0.367727912
   42.271848356    0.135629419    0.359791708
   42.315973458    0.125639047    0.351655253
   42.360098561    0.116322376    0.343332705
   42.404223664    0.107648224    0.334839733
   42.448348766    0.099582636    0.326193514
   42.492473869    0.092088555    0.317412679
   42.536598972    0.085128129    0.308517221
   42.580724074    0.078666125    0.299528356
   42.624849177    0.072672119    0.290468377
   42.668974280    0.067119962    0.281360511
   42.713099382    0.061985009    0.272228775
   42.757224485    0.057241175    0.263097818
   42.801349588    0.052859988    0.253992716
   42.845474690    0.048812365    0.244938727
   42.889599793    0.045071819    0.235961035
   42.933724896    0.041616785    0.227084504
   42.977849998    0.038430369    0.218333479
   43.021975101    0.035497700    0.209731650
   43.066100204    0.032802766    0.201301940
   43.110225306    0.030327017    0.193066407
   43.154350409    0.028050698    0.185046134
   43.198475512    0.025955917    0.177261124
   43.242600614    0.024029171    0.169730216
   43.286725717    0.022261477    0.162471041
   43.330850820    0.020645960    0.155500022
   43.374975922    0.019174613    0.148832395
   43.419101025    0.017836537    0.142482226
   43.463226128    0.016618892    0.136462403
   43.507351230    0.015509839    0.130784623
   43.551476333    0.014501300    0.125459391
   43.595601436    0.013589504    0.120496064
   43.639726538    0.012772902    0.115902928
   43.683851641    0.012048935    0.111687309
   43.727976744    0.011411966    0.107855660
   43.772101846    0.010853865    0.104413631
   43.816226949    0.010366789    0.101366096
   43.860352052    0.009946135    0.098717182
   43.904477154    0.009591501    0.096470305
   43.948602257    0.009304950    0.094628243
   43.992727360    0.009087826    0.093193213
   44.036852462    0.008938405    0.092166934
   44.080977565    0.008852098    0.091550651
