    0.000000000   -0.000000037    0.000000000
    0.044125103   -0.000000005    0.000000000
    0.088250205    0.000000030   -0.000000000
    0.132375308    0.000000044   -0.000000000
    0.176500411    0.000000026    0.000000000
    0.220625513   -0.000000011    0.000000000
    0.264750616   -0.000000040    0.000000001
    0.308875719   -0.000000039    0.000000001
    0.353000821   -0.000000010    0.000000000
    0.397125924    0.000000027   -0.000000000
    0.441251027    0.000000044   -0.000000000
    0.485376129    0.000000029    0.000000000
    0.529501232   -0.000000007    0.000000000
    0.573626335   -0.000000038    0.000000001
    0.617751437   -0.000000041    0.000000001
    0.661876540   -0.000000014    0.000000000
    0.706001643    0.000000023    0.000000000
    0.750126745    0.000000044   -0.000000000
    0.794251848    0.000000033    0.000000000
    0.838376951   -0.000000002    0.000000000
    0.882502053   -0.000000036    0.000000001
    0.926627156   -0.000000043    0.000000001
    0.970752259   -0.000000018    0.000000000
    1.014877361    0.000000020    0.000000000
    1.059002464    0.000000044   -0.000000000
    1.103127567    0.000000036   -0.000000000
    1.147252669    0.000000002    0.000000000
    1.191377772   -0.000000033    0.000000001
    1.235502875   -0.000000044    0.000000001
    1.279627977   -0.000000023    0.000000000
    1.323753080    0.000000016    0.000000000
    1.367878183    0.000000043   -0.000000000
    1.412003285    0.000000039   -0.000000000
    1.456128388    0.000000007    0.000000000
    1.500253491   -0.000000030    0.000000001
    1.544378593   -0.000000045    0.000000001
    1.588503696   -0.000000027    0.000000000
    1.632628799    0.000000011    0.000000000
    1.676753901    0.000000041   -0.000000000
    1.720879004    0.000000041   -0.000000000
    1.765004107    0.000000011    0.000000000
    1.809129209   -0.000000027    0.000000001
    1.853254312   -0.000000045    0.000000001
    1.897379415   -0.000000030    0.000000000
    1.941504517    0.000000007    0.000000000
    1.985629620    0.000000039   -0.000000000
    2.029754723    0.000000043   -0.000000000
    2.073879825    0.000000016    0.000000000
    2.118004928   -0.000000023    0.000000000
    2.162130031   -0.000000045    0.000000001
    2.206255133   -0.000000034    0.000000000
    2.250380236    0.000000002    0.000000000
    2.294505339    0.000000037   -0.000000000
    2.338630441    0.000000045   -0.000000000
    2.382755544    0.000000020    0.000000000
    2.426880647   -0.000000019    0.000000000
    2.471005749   -0.000000045    0.000000001
    2.515130852   -0.000000037    0.000000001
    2.559255955   -0.000000002    0.000000000
    2.603381057    0.000000034   -0.000000000
    2.647506160    0.000000046   -0.000000000
    2.691631263    0.000000025    0.000000000
    2.735756365   -0.000000015    0.000000000
    2.779881468   -0.000000044    0.000000001
    2.824006571   -0.000000040    0.000000001
    2.868131673   -0.000000007    0.000000000
    2.912256776    0.000000031   -0.000000000
    2.956381879    0.000000047   -0.000000000
    3.000506981    0.000000029    0.000000000
    3.044632084   -0.000000011    0.000000000
    3.088757187   -0.000000042    0.000000001
    3.132882289   -0.000000043    0.000000001
    3.177007392   -0.000000012    0.000000000
    3.221132495    0.000000028   -0.000000000
    3.265257597    0.000000048   -0.000000000
    3.309382700    0.000000033    0.000000000
    3.353507803   -0.000000006    0.000000000
    3.397632905   -0.000000040    0.000000001
    3.441758008   -0.000000045    0.000000001
    3.485883111   -0.000000017    0.000000000
    3.530008213    0.000000024    0.000000000
    3.574133316    0.000000048   -0.000000000
    3.618258419    0.000000037    0.000000000
    3.662383521   -0.000000001    0.000000000
    3.706508624   -0.000000038    0.000000001
    3.750633727   -0.000000047    0.000000001
    3.794758829   -0.000000021    0.000000000
    3.838883932    0.000000020    0.000000000
    3.883009035    0.000000047   -0.000000000
    3.927134137    0.000000040    0.000000000
    3.971259240    0.000000004    0.000000000
    4.015384343   -0.000000035    0.000000001
    4.059509445   -0.000000048    0.000000001
    4.103634548   -0.000000026    0.000000000
    4.147759651    0.000000016    0.000000000
    4.191884753    0.000000046   -0.000000000
    4.236009856    0.000000043    0.000000000
    4.280134959    0.000000009    0.000000000
    4.324260061   -0.000000032    0.000000001
    4.368385164   -0.000000049    0.000000001
    4.412510267   -0.000000030    0.000000000
    4.456635369    0.000000011    0.000000000
    4.500760472    0.000000045   -0.000000000
    4.544885575    0.000000046    0.000000000
    4.589010677    0.000000014    0.000000000
    4.633135780   -0.000000028    0.000000001
    4.677260883   -0.000000050    0.000000001
    4.721385985   -0.000000035    0.000000001
    4.765511088    0.000000006    0.000000000
    4.809636191    0.000000043   -0.000000000
    4.853761293    0.000000049    0.000000000
    4.897886396    0.000000019    0.000000000
    4.942011499   -0.000000025    0.000000001
    4.986136601   -0.000000050    0.000000001
    5.030261704   -0.000000039    0.000000001
    5.074386807    0.000000001    0.000000000
    5.118511909    0.000000041    0.000000000
    5.162637012    0.000000051    0.000000000
    5.206762115    0.000000024    0.000000000
    5.250887217   -0.000000020    0.000000001
    5.295012320   -0.000000049    0.000000001
    5.339137423   -0.000000042    0.000000001
    5.383262525   -0.000000004    0.000000000
    5.427387628    0.000000038    0.000000000
    5.471512731    0.000000052    0.000000000
    5.515637833    0.000000029    0.000000000
    5.559762936   -0.000000016    0.000000001
    5.603888039   -0.000000049    0.000000001
    5.648013141   -0.000000046    0.000000001
    5.692138244   -0.000000009    0.000000000
    5.736263347    0.000000034    0.000000000
    5.780388449    0.000000053    0.000000000
    5.824513552    0.000000034    0.000000000
    5.868638655   -0.000000011    0.000000001
    5.912763757   -0.000000047    0.000000001
    5.956888860   -0.000000049    0.000000001
    6.001013963   -0.000000015    0.000000001
    6.045139065    0.000000031    0.000000000
    6.089264168    0.000000054    0.000000000
    6.133389271    0.000000038    0.000000001
    6.177514373   -0.000000005    0.000000001
    6.221639476   -0.000000045    0.000000001
    6.265764579   -0.000000052    0.000000001
    6.309889681   -0.000000020    0.000000001
    6.354014784    0.000000027    0.000000001
    6.398139887    0.000000054    0.000000001
    6.442264989    0.000000043    0.000000001
    6.486390092   -0.000000000    0.000000001
    6.530515195   -0.000000043    0.000000002
    6.574640297   -0.000000054    0.000000002
    6.618765400   -0.000000025    0.000000001
    6.662890503    0.000000022    0.000000001
    6.707015606    0.000000054    0.000000001
    6.751140708    0.000000047    0.000000001
    6.795265811    0.000000006    0.000000002
    6.839390914   -0.000000040    0.000000002
    6.883516016   -0.000000056    0.000000002
    6.927641119   -0.000000031    0.000000002
    6.971766222    0.000000017    0.000000002
    7.015891324    0.000000053    0.000000002
    7.060016427    0.000000051    0.000000002
    7.104141530    0.000000011    0.000000003
    7.148266632   -0.000000036    0.000000003
    7.192391735   -0.000000057    0.000000004
    7.236516838   -0.000000036    0.000000004
    7.280641940    0.000000012    0.000000004
    7.324767043    0.000000052    0.000000004
    7.368892146    0.000000055    0.000000004
    7.413017248    0.000000018    0.000000005
    7.457142351   -0.000000032    0.000000006
    7.501267454   -0.000000058    0.000000006
    7.545392556   -0.000000041    0.000000006
    7.589517659    0.000000007    0.000000006
    7.633642762    0.000000051    0.000000007
    7.677767864    0.000000058    0.000000007
    7.721892967    0.000000024    0.000000008
    7.766018070   -0.000000027    0.000000009
    7.810143172   -0.000000058    0.000000010
    7.854268275   -0.000000046    0.000000011
    7.898393378    0.000000001    0.000000011
    7.942518480    0.000000048    0.000000012
    7.986643583    0.000000061    0.000000013
    8.030768686    0.000000030    0.000000015
    8.074893788   -0.000000022    0.000000016
    8.119018891   -0.000000057    0.000000018
    8.163143994   -0.000000049    0.000000019
    8.207269096   -0.000000004    0.000000020
    8.251394199    0.000000046    0.000000021
    8.295519302    0.000000065    0.000000023
    8.339644404    0.000000038    0.000000026
    8.383769507   -0.000000015    0.000000028
    8.427894610   -0.000000055    0.000000031
    8.472019712   -0.000000052    0.000000033
    8.516144815   -0.000000009    0.000000036
    8.560269918    0.000000044    0.000000038
    8.604395020    0.000000068    0.000000042
    8.648520123    0.000000045    0.000000046
    8.692645226   -0.000000008    0.000000050
    8.736770328   -0.000000052    0.000000054
    8.780895431   -0.000000055    0.000000059
    8.825020534   -0.000000014    0.000000063
    8.869145636    0.000000042    0.000000068
    8.913270739    0.000000072    0.000000074
    8.957395842    0.000000054    0.000000081
    9.001520944    0.000000002    0.000000089
    9.045646047   -0.000000046    0.000000097
    9.089771150   -0.000000054    0.000000105
    9.133896252   -0.000000015    0.000000114
    9.178021355    0.000000043    0.000000123
    9.222146458    0.000000079    0.000000134
    9.266271560    0.000000066    0.000000146
    9.310396663    0.000000015    0.000000159
    9.354521766   -0.000000037    0.000000173
    9.398646868   -0.000000051    0.000000188
    9.442771971   -0.000000015    0.000000203
    9.486897074    0.000000045    0.000000220
    9.531022176    0.000000086    0.000000239
    9.575147279    0.000000080    0.000000260
    9.619272382    0.000000031    0.000000284
    9.663397484   -0.000000024    0.000000308
    9.707522587   -0.000000042    0.000000335
    9.751647690   -0.000000008    0.000000364
    9.795772792    0.000000055    0.000000395
    9.839897895    0.000000104    0.000000429
    9.884022998    0.000000105    0.000000467
    9.928148100    0.000000060    0.000000509
    9.972273203    0.000000004    0.000000553
   10.016398306   -0.000000019    0.000000601
   10.060523408    0.000000011    0.000000653
   10.104648511    0.000000076    0.000000710
   10.148773614    0.000000132    0.000000771
   10.192898716    0.000000140    0.000000838
   10.237023819    0.000000099    0.000000911
   10.281148922    0.000000042    0.000000991
   10.325274024    0.000000015    0.000001076
   10.369399127    0.000000044    0.000001169
   10.413524230    0.000000113    0.000001270
   10.457649332    0.000000178    0.000001380
   10.501774435    0.000000199    0.000001500
   10.545899538    0.000000167    0.000001631
   10.590024640    0.000000115    0.000001773
   10.634149743    0.000000089    0.000001927
   10.678274846    0.000000121    0.000002094
   10.722399948    0.000000197    0.000002276
   10.766525051    0.000000276    0.000002473
   10.810650154    0.000000311    0.000002689
   10.854775256    0.000000290    0.000002923
   10.898900359    0.000000243    0.000003176
   10.943025462    0.000000219    0.000003451
   10.987150564    0.000000252    0.000003748
   11.031275667    0.000000337    0.000004071
   11.075400770    0.000000431    0.000004422
   11.119525872    0.000000486    0.000004804
   11.163650975    0.000000484    0.000005219
   11.207776078    0.000000452    0.000005669
   11.251901180    0.000000442    0.000006158
   11.296026283    0.000000492    0.000006688
   11.340151386    0.000000601    0.000007264
   11.384276488    0.000000727    0.000007890
   11.428401591    0.000000820    0.000008571
   11.472526694    0.000000856    0.000009310
   11.516651796    0.000000856    0.000010113
   11.560776899    0.000000874    0.000010984
   11.604902002    0.000000953    0.000011929
   11.649027104    0.000001097    0.000012954
   11.693152207    0.000001267    0.000014066
   11.737277310    0.000001408    0.000015273
   11.781402412    0.000001492    0.000016583
   11.825527515    0.000001540    0.000018004
   11.869652618    0.000001604    0.000019544
   11.913777720    0.000001736    0.000021215
   11.957902823    0.000001945    0.000023027
   12.002027926    0.000002195    0.000024994
   12.046153028    0.000002430    0.000027130
   12.090278131    0.000002618    0.000029448
   12.134403234    0.000002772    0.000031963
   12.178528336    0.000002948    0.000034692
   12.222653439    0.000003199    0.000037653
   12.266778542    0.000003541    0.000040866
   12.310903644    0.000003941    0.000044351
   12.355028747    0.000004340    0.000048133
   12.399153850    0.000004697    0.000052234
   12.443278952    0.000005025    0.000056683
   12.487404055    0.000005377    0.000061506
   12.531529158    0.000005816    0.000066735
   12.575654260    0.000006364    0.000072404
   12.619779363    0.000006996    0.000078552
   12.663904466    0.000007653    0.000085219
   12.708029568    0.000008295    0.000092451
   12.752154671    0.000008929    0.000100294
   12.796279774    0.000009615    0.000108800
   12.840404876    0.000010421    0.000118026
   12.884529979    0.000011381    0.000128034
   12.928655082    0.000012473    0.000138893
   12.972780184    0.000013639    0.000150674
   13.016905287    0.000014832    0.000163456
   13.061030390    0.000016055    0.000177322
   13.105155492    0.000017365    0.000192363
   13.149280595    0.000018837    0.000208677
   13.193405698    0.000020513    0.000226373
   13.237530800    0.000022379    0.000245566
   13.281655903    0.000024379    0.000266384
   13.325781006    0.000026467    0.000288964
   13.369906108    0.000028648    0.000313453
   13.414031211    0.000030987    0.000340012
   13.458156314    0.000033575    0.000368818
   13.502281416    0.000036476    0.000400061
   13.546406519    0.000039694    0.000433952
   13.590531622    0.000043186    0.000470717
   13.634656724    0.000046911    0.000510599
   13.678781827    0.000050879    0.000553862
   13.722906930    0.000055162    0.000600792
   13.767032032    0.000059867    0.000651696
   13.811157135    0.000065073    0.000706907
   13.855282238    0.000070795    0.000766786
   13.899407340    0.000076999    0.000831721
   13.943532443    0.000083644    0.000902130
   13.987657546    0.000090743    0.000978460
   14.031782648    0.000098383    0.001061195
   14.075907751    0.000106693    0.001150859
   14.120032854    0.000115785    0.001248017
   14.164157956    0.000125714    0.001353279
   14.208283059    0.000136479    0.001467304
   14.252408162    0.000148074    0.001590800
   14.296533264    0.000160551    0.001724525
   14.340658367    0.000174040    0.001869300
   14.384783470    0.000188727    0.002026000
   14.428908572    0.000204784    0.002195569
   14.473033675    0.000222322    0.002379015
   14.517158778    0.000241389    0.002577411
   14.561283880    0.000262016    0.002791898
   14.605408983    0.000284291    0.003023684
   14.649534086    0.000308386    0.003274049
   14.693659188    0.000334538    0.003544348
   14.737784291    0.000362983    0.003836012
   14.781909394    0.000393901    0.004150548
   14.826034496    0.000427412    0.004489537
   14.870159599    0.000463627    0.004854634
   14.914284702    0.000502726    0.005247565
   14.958409804    0.000545001    0.005670126
   15.002534907    0.000590835    0.006124187
   15.046660010    0.000640637    0.006611673
   15.090785112    0.000694774    0.007134559
   15.134910215    0.000753558    0.007694837
   15.179035318    0.000817292    0.008294501
   15.223160420    0.000886354    0.008935512
   15.267285523    0.000961248    0.009619784
   15.311410626    0.001042581    0.010349153
   15.355535728    0.001130997    0.011125348
   15.399660831    0.001227099    0.011949945
   15.443785934    0.001331431    0.012824308
   15.487911036    0.001444536    0.013749528
   15.532036139    0.001567046    0.014726371
   15.576161242    0.001699759    0.015755255
   15.620286344    0.001843630    0.016836245
   15.664411447    0.001999707    0.017969084
   15.708536550    0.002169050    0.019153220
   15.752661652    0.002352710    0.020387824
   15.796786755    0.002551788    0.021671782
   15.840911858    0.002767539    0.023003656
   15.885036960    0.003001454    0.024381625
   15.929162063    0.003255252    0.025803430
   15.973287166    0.003530801    0.027266337
   16.017412268    0.003830015    0.028767143
   16.061537371    0.004154815    0.030302220
   16.105662474    0.004507179    0.031867606
   16.149787576    0.004889260    0.033459120
   16.193912679    0.005303481    0.035072493
   16.238037782    0.005752549    0.036703495
   16.282162884    0.006239372    0.038348031
   16.326287987    0.006766965    0.040002208
   16.370413090    0.007338414    0.041662336
   16.414538192    0.007956959    0.043324887
   16.458663295    0.008626146    0.044986409
   16.502788398    0.009349969    0.046643419
   16.546913500    0.010132895    0.048292306
   16.591038603    0.010979780    0.049929265
   16.635163706    0.011895742    0.051550282
   16.679288808    0.012886086    0.053151172
   16.723413911    0.013956367    0.054727664
   16.767539014    0.015112527    0.056275516
   16.811664116    0.016361014    0.057790649
   16.855789219    0.017708769    0.059269272
   16.899914322    0.019163072    0.060707978
   16.944039424    0.020731330    0.062103818
   16.988164527    0.022420956    0.063454316
   17.032289630    0.024239417    0.064757454
   17.076414732    0.026194409    0.066011621
   17.120539835    0.028294020    0.067215556
   17.164664938    0.030546734    0.068368294
   17.208790040    0.032961231    0.069469144
   17.252915143    0.035546118    0.070517700
   17.297040246    0.038309754    0.071513861
   17.341165348    0.041260286    0.072457866
   17.385290451    0.044405823    0.073350308
   17.429415554    0.047754494    0.074192115
   17.473540656    0.051314178    0.074984514
   17.517665759    0.055091798    0.075728964
   17.561790862    0.059092422    0.076427099
   17.605915964    0.063318513    0.077080677
   17.650041067    0.067769628    0.077691540
   17.694166170    0.072442567    0.078261587
   17.738291272    0.077331607    0.078792753
   17.782416375    0.082428294    0.079286983
   17.826541478    0.087720493    0.079746206
   17.870666580    0.093190869    0.080172310
   17.914791683    0.098815491    0.080567122
   17.958916786    0.104563463    0.080932400
   18.003041888    0.110398154    0.081269821
   18.047166991    0.116279899    0.081580989
   18.091292094    0.122169280    0.081867426
   18.135417196    0.128029654    0.082130574
   18.179542299    0.133827837    0.082371790
   18.223667402    0.139532605    0.082592345
   18.267792504    0.145111634    0.082793426
   18.311917607    0.150528213    0.082976133
   18.356042710    0.155739162    0.083141490
   18.400167812    0.160694941    0.083290437
   18.444292915    0.165342109    0.083423837
   18.488418018    0.169627552    0.083542468
   18.532543120    0.173503436    0.083647028
   18.576668223    0.176931808    0.083738132
   18.620793326    0.179887972    0.083816321
   18.664918428    0.182362031    0.083882063
   18.709043531    0.184358296    0.083935752
   18.753168634    0.185892494    0.083977712
   18.797293736    0.186987062    0.084008193
   18.841418839    0.187665271    0.084027376
   18.885543942    0.187945301    0.084035375
   18.929669044    0.187835623    0.084032234
   18.973794147    0.187332842    0.084017936
   19.017919250    0.186422564    0.083992398
   19.062044352    0.185083052    0.083955469
   19.106169455    0.183290747    0.083906930
   19.150294558    0.181026324    0.083846487
   19.194419660    0.178280029    0.083773777
   19.238544763    0.175055362    0.083688366
   19.282669866    0.171370640    0.083589745
   19.326794968    0.167258357    0.083477330
   19.370920071    0.162762555    0.083350461
   19.415045174    0.157934666    0.083208394
   19.459170276    0.152828582    0.083050304
   19.503295379    0.147495975    0.082875284
   19.547420482    0.141982958    0.082682346
   19.591545584    0.136328922    0.082470424
   19.635670687    0.130567736    0.082238369
   19.679795790    0.124730674    0.081984947
   19.723920892    0.118849755    0.081708839
   19.768045995    0.112960060    0.081408639
   19.812171098    0.107100008    0.081082860
   19.856296201    0.101309541    0.080729933
   19.900421303    0.095627002    0.080348214
   19.944546406    0.090086039    0.079935978
   19.988671509    0.084713661    0.079491429
   20.032796611    0.079529948    0.079012704
   20.076921714    0.074549108    0.078497888
   20.121046817    0.069781040    0.077945040
   20.165171919    0.065232596    0.077352218
   20.209297022    0.060908094    0.076717503
   20.253422125    0.056809218    0.076039025
   20.297547227    0.052934769    0.075314987
   20.341672330    0.049280750    0.074543695
   20.385797433    0.045840938    0.073723605
   20.429922535    0.042607767    0.072853382
   20.474047638    0.039573157    0.071931960
   20.518172741    0.036728982    0.070958597
   20.562297843    0.034067133    0.069932900
   20.606422946    0.031579358    0.068854823
   20.650548049    0.029257147    0.067724645
   20.694673151    0.027091819    0.066542934
   20.738798254    0.025074770    0.065310535
   20.782923357    0.023197727    0.064028575
   20.827048459    0.021452833    0.062698506
   20.871173562    0.019832547    0.061322162
   20.915298665    0.018329447    0.059901813
   20.959423767    0.016936119    0.058440204
   21.003548870    0.015645205    0.056940547
   21.047673973    0.014449590    0.055406476
   21.091799075    0.013342601    0.053841959
   21.135924178    0.012318085    0.052251183
   21.180049281    0.011370338    0.050638422
   21.224174383    0.010493960    0.049007910
   21.268299486    0.009683750    0.047363746
   21.312424589    0.008934725    0.045709825
   21.356549691    0.008242230    0.044049837
   21.400674794    0.007602062    0.042387311
   21.444799897    0.007010491    0.040725698
   21.488924999    0.006464162    0.039068483
   21.533050102    0.005959939    0.037419274
   21.577175205    0.005494776    0.035781877
   21.621300307    0.005065709    0.034160301
   21.665425410    0.004669931    0.032558728
   21.709550513    0.004304888    0.030981425
   21.753675615    0.003968320    0.029432627
   21.797800718    0.003658185    0.027916407
   21.841925821    0.003372550    0.026436552
   21.886050923    0.003109500    0.024996460
   21.930176026    0.002867135    0.023599070
   21.974301129    0.002643660    0.022246847
   22.018426231    0.002437477    0.020941797
   22.062551334    0.002247237    0.019685516
   22.106676437    0.002071782    0.018479254
   22.150801539    0.001910052    0.017323960
   22.194926642    0.001760993    0.016220308
   22.239051745    0.001623543    0.015168687
   22.283176847    0.001496697    0.014169176
   22.327301950    0.001379583    0.013221514
   22.371427053    0.001271500    0.012325084
   22.415552155    0.001171878    0.011478932
   22.459677258    0.001080183    0.010681806
   22.503802361    0.000995842    0.009932215
   22.547927463    0.000918221    0.009228492
   22.592052566    0.000846685    0.008568841
   22.636177669    0.000780681    0.007951380
   22.680302771    0.000719778    0.007374165
   22.724427874    0.000663649    0.006835214
   22.768552977    0.000611997    0.006332531
   22.812678079    0.000564480    0.005864131
   22.856803182    0.000520704    0.005428064
   22.900928285    0.000480263    0.005022434
   22.945053387    0.000442820    0.004645414
   22.989178490    0.000408148    0.004295246
   23.033303593    0.000376115    0.003970243
   23.077428695    0.000346613    0.003668794
   23.121553798    0.000319492    0.003389357
   23.165678901    0.000294535    0.003130470
   23.209804003    0.000271497    0.002890743
   23.253929106    0.000250170    0.002668865
   23.298054209    0.000230432    0.002463595
   23.342179311    0.000212234    0.002273765
   23.386304414    0.000195542    0.002098272
   23.430429517    0.000180277    0.001936079
   23.474554619    0.000166288    0.001786216
   23.518679722    0.000153390    0.001647776
   23.562804825    0.000141419    0.001519917
   23.606929927    0.000130292    0.001401852
   23.651055030    0.000119994    0.001292853
   23.695180133    0.000110537    0.001192239
   23.739305235    0.000101895    0.001099381
   23.783430338    0.000093977    0.001013691
   23.827555441    0.000086654    0.000934630
   23.871680543    0.000079816    0.000861698
   23.915805646    0.000073417    0.000794430
   23.959930749    0.000067478    0.000732396
   24.004055851    0.000062046    0.000675196
   24.048180954    0.000057131    0.000622457
   24.092306057    0.000052678    0.000573834
   24.136431159    0.000048586    0.000529009
   24.180556262    0.000044762    0.000487687
   24.224681365    0.000041168    0.000449595
   24.268806467    0.000037826    0.000414480
   24.312931570    0.000034785    0.000382109
   24.357056673    0.000032066    0.000352266
   24.401181775    0.000029630    0.000324750
   24.445306878    0.000027392    0.000299379
   24.489431981    0.000025269    0.000275987
   24.533557083    0.000023228    0.000254419
   24.577682186    0.000021296    0.000234534
   24.621807289    0.000019532    0.000216201
   24.665932391    0.000017974    0.000199299
   24.710057494    0.000016601    0.000183716
   24.754182597    0.000015350    0.000169349
   24.798307699    0.000014148    0.000156106
   24.842432802    0.000012967    0.000143899
   24.886557905    0.000011835    0.000132648
   24.930683007    0.000010813    0.000122278
   24.974808110    0.000009941    0.000112719
   25.018933213    0.000009211    0.000103906
   25.063058315    0.000008564    0.000095781
   25.107183418    0.000007930    0.000088290
   25.151308521    0.000007278    0.000081382
   25.195433623    0.000006628    0.000075013
   25.239558726    0.000006038    0.000069141
   25.283683829    0.000005551    0.000063725
   25.327808931    0.000005168    0.000058729
   25.371934034    0.000004838    0.000054121
   25.416059137    0.000004498    0.000049872
   25.460184239    0.000004115    0.000045954
   25.504309342    0.000003709    0.000042343
   25.548434445    0.000003335    0.000039015
   25.592559547    0.000003043    0.000035947
   25.636684650    0.000002840    0.000033120
   25.680809753    0.000002684    0.000030513
   25.724934855    0.000002516    0.000028111
   25.769059958    0.000002300    0.000025898
   25.813185061    0.000002051    0.000023859
   25.857310163    0.000001817    0.000021981
   25.901435266    0.000001651    0.000020250
   25.945560369    0.000001562    0.000018655
   25.989685471    0.000001514    0.000017183
   26.033810574    0.000001451    0.000015826
   26.077935677    0.000001334    0.000014575
   26.122060779    0.000001171    0.000013423
   26.166185882    0.000001009    0.000012361
   26.210310985    0.000000900    0.000011382
   26.254436087    0.000000859    0.000010480
   26.298561190    0.000000857    0.000009648
   26.342686293    0.000000842    0.000008882
   26.386811395    0.000000774    0.000008176
   26.430936498    0.000000657    0.000007527
   26.475061601    0.000000534    0.000006930
   26.519186703    0.000000455    0.000006380
   26.563311806    0.000000442    0.000005874
   26.607436909    0.000000471    0.000005408
   26.651562011    0.000000491    0.000004978
   26.695687114    0.000000462    0.000004582
   26.739812217    0.000000380    0.000004219
   26.783937319    0.000000285    0.000003884
   26.828062422    0.000000226    0.000003576
   26.872187525    0.000000227    0.000003291
   26.916312627    0.000000270    0.000003029
   26.960437730    0.000000308    0.000002787
   27.004562833    0.000000298    0.000002564
   27.048687935    0.000000234    0.000002359
   27.092813038    0.000000151    0.000002170
   27.136938141    0.000000096    0.000001997
   27.181063243    0.000000098    0.000001838
   27.225188346    0.000000144    0.000001690
   27.269313449    0.000000191    0.000001554
   27.313438551    0.000000194    0.000001430
   27.357563654    0.000000145    0.000001316
   27.401688757    0.000000071    0.000001211
   27.445813859    0.000000021    0.000001115
   27.489938962    0.000000024    0.000001027
   27.534064065    0.000000073    0.000000945
   27.578189167    0.000000127    0.000000869
   27.622314270    0.000000142    0.000000799
   27.666439373    0.000000104    0.000000735
   27.710564475    0.000000038    0.000000677
   27.754689578   -0.000000012    0.000000623
   27.798814681   -0.000000012    0.000000574
   27.842939783    0.000000034    0.000000527
   27.887064886    0.000000089    0.000000485
   27.931189989    0.000000111    0.000000445
   27.975315091    0.000000081    0.000000409
   28.019440194    0.000000018    0.000000377
   28.063565297   -0.000000033    0.000000347
   28.107690399   -0.000000038    0.000000320
   28.151815502    0.000000005    0.000000294
   28.195940605    0.000000062    0.000000270
   28.240065707    0.000000090    0.000000248
   28.284190810    0.000000068    0.000000228
   28.328315913    0.000000010    0.000000211
   28.372441015   -0.000000041    0.000000194
   28.416566118   -0.000000049    0.000000179
   28.460691221   -0.000000011    0.000000165
   28.504816323    0.000000047    0.000000152
   28.548941426    0.000000080    0.000000139
   28.593066529    0.000000064    0.000000128
   28.637191631    0.000000011    0.000000118
   28.681316734   -0.000000042    0.000000109
   28.725441837   -0.000000056    0.000000100
   28.769566939   -0.000000022    0.000000092
   28.813692042    0.000000034    0.000000085
   28.857817145    0.000000070    0.000000077
   28.901942247    0.000000060    0.000000071
   28.946067350    0.000000011    0.000000066
   28.990192453   -0.000000041    0.000000061
   29.034317555   -0.000000060    0.000000056
   29.078442658   -0.000000031    0.000000052
   29.122567761    0.000000023    0.000000048
   29.166692863    0.000000063    0.000000043
   29.210817966    0.000000060    0.000000040
   29.254943069    0.000000016    0.000000037
   29.299068171   -0.000000037    0.000000034
   29.343193274   -0.000000060    0.000000032
   29.387318377   -0.000000036    0.000000030
   29.431443479    0.000000016    0.000000027
   29.475568582    0.000000058    0.000000024
   29.519693685    0.000000060    0.000000022
   29.563818787    0.000000020    0.000000021
   29.607943890   -0.000000033    0.000000019
   29.652068993   -0.000000060    0.000000018
   29.696194095   -0.000000041    0.000000017
   29.740319198    0.000000008    0.000000015
   29.784444301    0.000000052    0.000000014
   29.828569403    0.000000059    0.000000012
   29.872694506    0.000000024    0.000000011
   29.916819609   -0.000000028    0.000000011
   29.960944711   -0.000000058    0.000000011
   30.005069814   -0.000000045    0.000000010
   30.049194917    0.000000002    0.000000009
   30.093320019    0.000000048    0.000000008
   30.137445122    0.000000060    0.000000007
   30.181570225    0.000000029    0.000000006
   30.225695327   -0.000000022    0.000000006
   30.269820430   -0.000000056    0.000000006
   30.313945533   -0.000000048    0.000000006
   30.358070635   -0.000000005    0.000000005
   30.402195738    0.000000042    0.000000004
   30.446320841    0.000000059    0.000000004
   30.490445943    0.000000033    0.000000004
   30.534571046   -0.000000016    0.000000004
   30.578696149   -0.000000053    0.000000004
   30.622821251   -0.000000050    0.000000004
   30.666946354   -0.000000011    0.000000003
   30.711071457    0.000000037    0.000000003
   30.755196559    0.000000058    0.000000002
   30.799321662    0.000000037    0.000000002
   30.843446765   -0.000000011    0.000000002
   30.887571867   -0.000000049    0.000000002
   30.931696970   -0.000000052    0.000000002
   30.975822073   -0.000000016    0.000000002
   31.019947175    0.000000032    0.000000002
   31.064072278    0.000000056    0.000000001
   31.108197381    0.000000040    0.000000001
   31.152322483   -0.000000005    0.000000001
   31.196447586   -0.000000046    0.000000002
   31.240572689   -0.000000053    0.000000002
   31.284697791   -0.000000021    0.000000001
   31.328822894    0.000000026    0.000000001
   31.372947997    0.000000054    0.000000001
   31.417073099    0.000000043    0.000000001
   31.461198202    0.000000000    0.000000001
   31.505323305   -0.000000042    0.000000001
   31.549448407   -0.000000053    0.000000001
   31.593573510   -0.000000025    0.000000001
   31.637698613    0.000000021    0.000000001
   31.681823715    0.000000052    0.000000000
   31.725948818    0.000000045    0.000000000
   31.770073921    0.000000006    0.000000000
   31.814199023   -0.000000037    0.000000001
   31.858324126   -0.000000053    0.000000001
   31.902449229   -0.000000029    0.000000001
   31.946574331    0.000000016    0.000000001
   31.990699434    0.000000049    0.000000000
   32.034824537    0.000000047    0.000000000
   32.078949639    0.000000011    0.000000000
   32.123074742   -0.000000033    0.000000001
   32.167199845   -0.000000052    0.000000001
   32.211324947   -0.000000033    0.000000001
   32.255450050    0.000000010    0.000000001
   32.299575153    0.000000046    0.000000000
   32.343700255    0.000000049    0.000000000
   32.387825358    0.000000016    0.000000000
   32.431950461   -0.000000028    0.000000001
   32.476075563   -0.000000051    0.000000001
   32.520200666   -0.000000037    0.000000001
   32.564325769    0.000000005    0.000000000
   32.608450871    0.000000043    0.000000000
   32.652575974    0.000000050   -0.000000000
   32.696701077    0.000000020    0.000000000
   32.740826179   -0.000000023    0.000000000
   32.784951282   -0.000000050    0.000000001
   32.829076385   -0.000000039    0.000000001
   32.873201487   -0.000000000    0.000000000
   32.917326590    0.000000039    0.000000000
   32.961451693    0.000000050   -0.000000000
   33.005576796    0.000000025    0.000000000
   33.049701898   -0.000000018    0.000000000
   33.093827001   -0.000000048    0.000000001
   33.137952104   -0.000000042    0.000000001
   33.182077206   -0.000000005    0.000000000
   33.226202309    0.000000035    0.000000000
   33.270327412    0.000000050   -0.000000000
   33.314452514    0.000000029    0.000000000
   33.358577617   -0.000000013    0.000000000
   33.402702720   -0.000000045    0.000000001
   33.446827822   -0.000000044    0.000000001
   33.490952925   -0.000000010    0.000000000
   33.535078028    0.000000031    0.000000000
   33.579203130    0.000000050   -0.000000000
   33.623328233    0.000000032   -0.000000000
   33.667453336   -0.000000008    0.000000000
   33.711578438   -0.000000042    0.000000001
   33.755703541   -0.000000045    0.000000001
   33.799828644   -0.000000015    0.000000001
   33.843953746    0.000000027    0.000000000
   33.888078849    0.000000049   -0.000000000
   33.932203952    0.000000035   -0.000000000
   33.976329054   -0.000000003    0.000000000
   34.020454157   -0.000000039    0.000000001
   34.064579260   -0.000000046    0.000000001
   34.108704362   -0.000000019    0.000000001
   34.152829465    0.000000022    0.000000000
   34.196954568    0.000000047   -0.000000000
   34.241079670    0.000000038   -0.000000000
   34.285204773    0.000000001    0.000000000
   34.329329876   -0.000000036    0.000000000
   34.373454978   -0.000000047    0.000000001
   34.417580081   -0.000000023    0.000000001
   34.461705184    0.000000017    0.000000000
   34.505830286    0.000000045   -0.000000000
   34.549955389    0.000000040   -0.000000000
   34.594080492    0.000000006    0.000000000
   34.638205594   -0.000000032    0.000000000
   34.682330697   -0.000000047    0.000000001
   34.726455800   -0.000000027    0.000000001
   34.770580902    0.000000013    0.000000000
   34.814706005    0.000000043   -0.000000000
   34.858831108    0.000000042   -0.000000000
   34.902956210    0.000000011    0.000000000
   34.947081313   -0.000000028    0.000000000
   34.991206416   -0.000000046    0.000000001
   35.035331518   -0.000000030    0.000000001
   35.079456621    0.000000008    0.000000000
   35.123581724    0.000000041   -0.000000000
   35.167706826    0.000000044   -0.000000000
   35.211831929    0.000000015    0.000000000
   35.255957032   -0.000000024    0.000000000
   35.300082134   -0.000000046    0.000000001
   35.344207237   -0.000000034    0.000000001
   35.388332340    0.000000003    0.000000000
   35.432457442    0.000000038    0.000000000
   35.476582545    0.000000045   -0.000000000
   35.520707648    0.000000019    0.000000000
   35.564832750   -0.000000020    0.000000000
   35.608957853   -0.000000044    0.000000001
   35.653082956   -0.000000036    0.000000001
   35.697208058   -0.000000002    0.000000000
   35.741333161    0.000000034    0.000000000
   35.785458264    0.000000045   -0.000000000
   35.829583366    0.000000023    0.000000000
   35.873708469   -0.000000015    0.000000000
   35.917833572   -0.000000043    0.000000001
   35.961958674   -0.000000039    0.000000001
   36.006083777   -0.000000006    0.000000000
   36.050208880    0.000000031    0.000000000
   36.094333982    0.000000045   -0.000000000
   36.138459085    0.000000027   -0.000000000
   36.182584188   -0.000000011    0.000000000
   36.226709290   -0.000000041    0.000000001
   36.270834393   -0.000000040    0.000000001
   36.314959496   -0.000000010    0.000000000
   36.359084598    0.000000027    0.000000000
   36.403209701    0.000000045   -0.000000000
   36.447334804    0.000000030   -0.000000000
   36.491459906   -0.000000006    0.000000000
   36.535585009   -0.000000038    0.000000001
   36.579710112   -0.000000042    0.000000001
   36.623835214   -0.000000015    0.000000000
   36.667960317    0.000000023    0.000000000
   36.712085420    0.000000044   -0.000000000
   36.756210522    0.000000033   -0.000000000
   36.800335625   -0.000000002    0.000000000
   36.844460728   -0.000000035    0.000000000
   36.888585830   -0.000000043    0.000000001
   36.932710933   -0.000000019    0.000000000
   36.976836036    0.000000019    0.000000000
   37.020961138    0.000000043   -0.000000000
   37.065086241    0.000000036   -0.000000000
   37.109211344    0.000000003    0.000000000
   37.153336446   -0.000000032    0.000000000
   37.197461549   -0.000000043    0.000000001
   37.241586652   -0.000000023    0.000000000
   37.285711754    0.000000015    0.000000000
   37.329836857    0.000000042   -0.000000000
   37.373961960    0.000000038   -0.000000000
   37.418087062    0.000000007    0.000000000
   37.462212165   -0.000000029    0.000000000
   37.506337268   -0.000000044    0.000000001
   37.550462370   -0.000000026    0.000000000
   37.594587473    0.000000010    0.000000000
   37.638712576    0.000000040   -0.000000000
   37.682837678    0.000000040   -0.000000000
   37.726962781    0.000000011    0.000000000
   37.771087884   -0.000000025    0.000000000
   37.815212986   -0.000000043    0.000000001
   37.859338089   -0.000000029    0.000000000
   37.903463192    0.000000006    0.000000000
   37.947588294    0.000000037   -0.000000000
   37.991713397    0.000000041   -0.000000000
   38.035838500    0.000000015    0.000000000
   38.079963602   -0.000000022    0.000000000
   38.124088705   -0.000000043    0.000000001
   38.168213808   -0.000000032    0.000000000
   38.212338910    0.000000002    0.000000000
   38.256464013    0.000000035   -0.000000000
   38.300589116    0.000000042   -0.000000000
   38.344714218    0.000000019    0.000000000
   38.388839321   -0.000000018    0.000000000
   38.432964424   -0.000000042    0.000000001
   38.477089526   -0.000000035    0.000000001
   38.521214629   -0.000000003    0.000000000
   38.565339732    0.000000032    0.000000000
   38.609464834    0.000000043   -0.000000000
   38.653589937    0.000000023    0.000000000
   38.697715040   -0.000000013    0.000000000
   38.741840142   -0.000000040    0.000000001
   38.785965245   -0.000000037    0.000000001
   38.830090348   -0.000000007    0.000000000
   38.874215450    0.000000028    0.000000000
   38.918340553    0.000000043   -0.000000000
   38.962465656    0.000000027    0.000000000
   39.006590758   -0.000000009    0.000000000
   39.050715861   -0.000000038    0.000000001
   39.094840964   -0.000000039    0.000000001
   39.138966066   -0.000000011    0.000000000
   39.183091169    0.000000025    0.000000000
   39.227216272    0.000000043   -0.000000000
   39.271341374    0.000000030   -0.000000000
   39.315466477   -0.000000005    0.000000000
   39.359591580   -0.000000036    0.000000000
   39.403716682   -0.000000040    0.000000001
   39.447841785   -0.000000015    0.000000000
   39.491966888    0.000000021    0.000000000
   39.536091990    0.000000042   -0.000000000
   39.580217093    0.000000033   -0.000000000
   39.624342196   -0.000000001    0.000000000
   39.668467298   -0.000000033    0.000000000
   39.712592401   -0.000000042    0.000000001
   39.756717504   -0.000000019    0.000000000
   39.800842606    0.000000017    0.000000000
   39.844967709    0.000000041   -0.000000000
   39.889092812    0.000000035   -0.000000000
   39.933217914    0.000000004    0.000000000
   39.977343017   -0.000000030    0.000000000
   40.021468120   -0.000000042    0.000000001
   40.065593222   -0.000000023    0.000000000
   40.109718325    0.000000013    0.000000000
   40.153843428    0.000000040   -0.000000000
   40.197968530    0.000000038   -0.000000000
   40.242093633    0.000000008    0.000000000
   40.286218736   -0.000000027    0.000000000
   40.330343838   -0.000000042    0.000000001
   40.374468941   -0.000000026    0.000000000
   40.418594044    0.000000009    0.000000000
   40.462719146    0.000000038   -0.000000000
   40.506844249    0.000000039   -0.000000000
   40.550969352    0.000000012    0.000000000
   40.595094454   -0.000000024    0.000000000
   40.639219557   -0.000000042    0.000000001
   40.683344660   -0.000000030    0.000000000
   40.727469762    0.000000005    0.000000000
   40.771594865    0.000000036   -0.000000000
   40.815719968    0.000000041   -0.000000000
   40.859845070    0.000000016    0.000000000
   40.903970173   -0.000000020    0.000000000
   40.948095276   -0.000000042    0.000000001
   40.992220378   -0.000000033    0.000000000
   41.036345481    0.000000000    0.000000000
   41.080470584    0.000000033   -0.000000000
   41.124595686    0.000000042   -0.000000000
   41.168720789    0.000000020    0.000000000
   41.212845892   -0.000000016    0.000000000
   41.256970994   -0.000000041    0.000000001
   41.301096097   -0.000000035    0.000000000
   41.345221200   -0.000000004    0.000000000
   41.389346302    0.000000030   -0.000000000
   41.433471405    0.000000043   -0.000000000
   41.477596508    0.000000024    0.000000000
   41.521721610   -0.000000012    0.000000000
   41.565846713   -0.000000039    0.000000001
   41.609971816   -0.000000037    0.000000001
   41.654096918   -0.000000008    0.000000000
   41.698222021    0.000000027    0.000000000
   41.742347124    0.000000043   -0.000000000
   41.786472226    0.000000027    0.000000000
   41.830597329   -0.000000008    0.000000000
   41.874722432   -0.000000037    0.000000001
   41.918847534   -0.000000039    0.000000001
   41.962972637   -0.000000012    0.000000000
   42.007097740    0.000000024    0.000000000
   42.051222842    0.000000043   -0.000000000
   42.095347945    0.000000031   -0.000000000
   42.139473048   -0.000000004    0.000000000
   42.183598150   -0.000000035    0.000000000
   42.227723253   -0.000000041    0.000000001
   42.271848356   -0.000000017    0.000000000
   42.315973458    0.000000020    0.000000000
   42.360098561    0.000000042   -0.000000000
   42.404223664    0.000000034   -0.000000000
   42.448348766    0.000000001    0.000000000
   42.492473869   -0.000000033    0.000000000
   42.536598972   -0.000000042    0.000000001
   42.580724074   -0.000000021    0.000000000
   42.624849177    0.000000016    0.000000000
   42.668974280    0.000000041   -0.000000000
   42.713099382    0.000000036   -0.000000000
   42.757224485    0.000000005    0.000000000
   42.801349588   -0.000000030    0.000000000
   42.845474690   -0.000000043    0.000000001
   42.889599793   -0.000000024    0.000000000
   42.933724896    0.000000012    0.000000000
   42.977849998    0.000000040   -0.000000000
   43.021975101    0.000000039   -0.000000000
   43.066100204    0.000000009    0.000000000
   43.110225306   -0.000000026    0.000000000
   43.154350409   -0.000000043    0.000000001
   43.198475512   -0.000000028    0.000000000
   43.242600614    0.000000008    0.000000000
   43.286725717    0.000000038   -0.000000000
   43.330850820    0.000000040   -0.000000000
   43.374975922    0.000000014    0.000000000
   43.419101025   -0.000000023    0.000000000
   43.463226128   -0.000000043    0.000000001
   43.507351230   -0.000000031    0.000000000
   43.551476333    0.000000003    0.000000000
   43.595601436    0.000000036   -0.000000000
   43.639726538    0.000000042   -0.000000000
   43.683851641    0.000000018    0.000000000
   43.727976744   -0.000000019    0.000000000
   43.772101846   -0.000000042    0.000000001
   43.816226949   -0.000000034    0.000000000
   43.860352052   -0.000000001    0.000000000
   43.904477154    0.000000033   -0.000000000
   43.948602257    0.000000043   -0.000000000
   43.992727360    0.000000022    0.000000000
   44.036852462   -0.000000015    0.000000000
   44.080977565   -0.000000041    0.000000001
