    0.000000000    0.016310031    0.016308248
    0.044125103    0.016666237    0.016575825
    0.088250205    0.017022079    0.016843415
    0.132375308    0.017377372    0.017110907
    0.176500411    0.017731937    0.017378187
    0.220625513    0.018085598    0.017645141
    0.264750616    0.018438173    0.017911653
    0.308875719    0.018789472    0.018177607
    0.353000821    0.019139303    0.018442887
    0.397125924    0.019487479    0.018707377
    0.441251027    0.019833827    0.018970959
    0.485376129    0.020178187    0.019233516
    0.529501232    0.020520409    0.019494930
    0.573626335    0.020860341    0.019755086
    0.617751437    0.021197827    0.020013865
    0.661876540    0.021532708    0.020271151
    0.706001643    0.021864827    0.020526828
    0.750126745    0.022194034    0.020780781
    0.794251848    0.022520190    0.021032894
    0.838376951    0.022843157    0.021283053
    0.882502053    0.023162790    0.021531144
    0.926627156    0.023478935    0.021777055
    0.970752259    0.023791431    0.022020672
    1.014877361    0.024100117    0.022261886
    1.059002464    0.024404842    0.022500588
    1.103127567    0.024705469    0.022736669
    1.147252669    0.025001872    0.022970023
    1.191377772    0.025293931    0.023200545
    1.235502875    0.025581525    0.023428133
    1.279627977    0.025864536    0.023652685
    1.323753080    0.026142854    0.023874104
    1.367878183    0.026416388    0.024092292
    1.412003285    0.026685059    0.024307156
    1.456128388    0.026948805    0.024518602
    1.500253491    0.027207560    0.024726541
    1.544378593    0.027461252    0.024930884
    1.588503696    0.027709800    0.025131544
    1.632628799    0.027953115    0.025328439
    1.676753901    0.028191111    0.025521486
    1.720879004    0.028423704    0.025710603
    1.765004107    0.028650813    0.025895714
    1.809129209    0.028872346    0.026076740
    1.853254312    0.029088204    0.026253607
    1.897379415    0.029298274    0.026426243
    1.941504517    0.029502444    0.026594579
    1.985629620    0.029700609    0.026758545
    2.029754723    0.029892681    0.026918076
    2.073879825    0.030078586    0.027073110
    2.118004928    0.030258260    0.027223586
    2.162130031    0.030431642    0.027369447
    2.206255133    0.030598673    0.027510637
    2.250380236    0.030759298    0.027647104
    2.294505339    0.030913477    0.027778799
    2.338630441    0.031061188    0.027905675
    2.382755544    0.031202422    0.028027688
    2.426880647    0.031337173    0.028144795
    2.471005749    0.031465434    0.028256958
    2.515130852    0.031587186    0.028364138
    2.559255955    0.031702407    0.028466301
    2.603381057    0.031811079    0.028563414
    2.647506160    0.031913193    0.028655447
    2.691631263    0.032008751    0.028742371
    2.735756365    0.032097755    0.028824159
    2.779881468    0.032180204    0.028900788
    2.824006571    0.032256088    0.028972236
    2.868131673    0.032325396    0.029038483
    2.912256776    0.032388123    0.029099512
    2.956381879    0.032444275    0.029155310
    3.000506981    0.032493869    0.029205862
    3.044632084    0.032536927    0.029251161
    3.088757187    0.032573465    0.029291197
    3.132882289    0.032603488    0.029325968
    3.177007392    0.032626994    0.029355469
    3.221132495    0.032643981    0.029379703
    3.265257597    0.032654454    0.029398670
    3.309382700    0.032658424    0.029412377
    3.353507803    0.032655910    0.029420831
    3.397632905    0.032646923    0.029424040
    3.441758008    0.032631471    0.029422018
    3.485883111    0.032609558    0.029414779
    3.530008213    0.032581196    0.029402340
    3.574133316    0.032546415    0.029384719
    3.618258419    0.032505265    0.029361939
    3.662383521    0.032457812    0.029334022
    3.706508624    0.032404126    0.029300994
    3.750633727    0.032344276    0.029262883
    3.794758829    0.032278330    0.029219719
    3.838883932    0.032206358    0.029171534
    3.883009035    0.032128442    0.029118362
    3.927134137    0.032044668    0.029060238
    3.971259240    0.031955126    0.028997199
    4.015384343    0.031859892    0.028929286
    4.059509445    0.031759027    0.028856539
    4.103634548    0.031652571    0.028779000
    4.147759651    0.031540553    0.028696716
    4.191884753    0.031423004    0.028609732
    4.236009856    0.031299959    0.028518096
    4.280134959    0.031171458    0.028421859
    4.324260061    0.031037538    0.028321074
    4.368385164    0.030898232    0.028215795
    4.412510267    0.030753572    0.028106079
    4.456635369    0.030603596    0.027991984
    4.500760472    0.030448361    0.027873573
    4.544885575    0.030287947    0.027750909
    4.589010677    0.030122451    0.027624056
    4.633135780    0.029951981    0.027493082
    4.677260883    0.029776643    0.027358058
    4.721385985    0.029596535    0.027219053
    4.765511088    0.029411756    0.027076141
    4.809636191    0.029222406    0.026929398
    4.853761293    0.029028592    0.026778898
    4.897886396    0.028830420    0.026624719
    4.942011499    0.028627991    0.026466940
    4.986136601    0.028421383    0.026305641
    5.030261704    0.028210661    0.026140904
    5.074386807    0.027995874    0.025972811
    5.118511909    0.027777073    0.025801446
    5.162637012    0.027554318    0.025626896
    5.206762115    0.027327682    0.025449246
    5.250887217    0.027097239    0.025268585
    5.295012320    0.026863066    0.025085003
    5.339137423    0.026625235    0.024898592
    5.383262525    0.026383824    0.024709444
    5.427387628    0.026138924    0.024517655
    5.471512731    0.025890647    0.024323320
    5.515637833    0.025639120    0.024126537
    5.559762936    0.025384483    0.023927404
    5.603888039    0.025126869    0.023726023
    5.648013141    0.024866401    0.023522494
    5.692138244    0.024603199    0.023316921
    5.736263347    0.024337378    0.023109409
    5.780388449    0.024069063    0.022900063
    5.824513552    0.023798385    0.022688989
    5.868638655    0.023525474    0.022476296
    5.912763757    0.023250450    0.022262092
    5.956888860    0.022973420    0.022046488
    6.001013963    0.022694479    0.021829594
    6.045139065    0.022413728    0.021611524
    6.089264168    0.022131277    0.021392391
    6.133389271    0.021847249    0.021172309
    6.177514373    0.021561777    0.020951393
    6.221639476    0.021274988    0.020729760
    6.265764579    0.020987003    0.020507527
    6.309889681    0.020697938    0.020284811
    6.354014784    0.020407908    0.020061733
    6.398139887    0.020117040    0.019838410
    6.442264989    0.019825472    0.019614963
    6.486390092    0.019533349    0.019391514
    6.530515195    0.019240808    0.019168182
    6.574640297    0.018947975    0.018945091
    6.618765400    0.018654965    0.018722364
    6.662890503    0.018361894    0.018500124
    6.707015606    0.018068884    0.018278497
    6.751140708    0.017776076    0.018057607
    6.795265811    0.017483618    0.017837581
    6.839390914    0.017191657    0.017618546
    6.883516016    0.016900336    0.017400630
    6.927641119    0.016609789    0.017183961
    6.971766222    0.016320153    0.016968669
    7.015891324    0.016031576    0.016754882
    7.060016427    0.015744219    0.016542732
    7.104141530    0.015458253    0.016332349
    7.148266632    0.015173845    0.016123863
    7.192391735    0.014891148    0.015917405
    7.236516838    0.014610304    0.015713107
    7.280641940    0.014331442    0.015511099
    7.324767043    0.014054700    0.015311513
    7.368892146    0.013780222    0.015114480
    7.413017248    0.013508159    0.014920132
    7.457142351    0.013238659    0.014728598
    7.501267454    0.012971862    0.014540011
    7.545392556    0.012707896    0.014354503
    7.589517659    0.012446887    0.014172204
    7.633642762    0.012188974    0.013993247
    7.677767864    0.011934314    0.013817763
    7.721892967    0.011683082    0.013645884
    7.766018070    0.011435456    0.013477740
    7.810143172    0.011191611    0.013313463
    7.854268275    0.010951714    0.013153184
    7.898393378    0.010715925    0.012997034
    7.942518480    0.010484414    0.012845143
    7.986643583    0.010257359    0.012697641
    8.030768686    0.010034945    0.012554657
    8.074893788    0.009817356    0.012416320
    8.119018891    0.009604759    0.012282757
    8.163143994    0.009397300    0.012154096
    8.207269096    0.009195113    0.012030464
    8.251394199    0.008998332    0.011911986
    8.295519302    0.008807095    0.011798786
    8.339644404    0.008621555    0.011690988
    8.383769507    0.008441863    0.011588716
    8.427894610    0.008268165    0.011492090
    8.472019712    0.008100594    0.011401231
    8.516144815    0.007939280    0.011316259
    8.560269918    0.007784359    0.011237293
    8.604395020    0.007635988    0.011164448
    8.648520123    0.007494339    0.011097841
    8.692645226    0.007359593    0.011037587
    8.736770328    0.007231925    0.010983796
    8.780895431    0.007111499    0.010936583
    8.825020534    0.006998467    0.010896056
    8.869145636    0.006892980    0.010862325
    8.913270739    0.006795198    0.010835496
    8.957395842    0.006705288    0.010815675
    9.001520944    0.006623417    0.010802964
    9.045646047    0.006549739    0.010797466
    9.089771150    0.006484388    0.010799279
    9.133896252    0.006427477    0.010808502
    9.178021355    0.006379118    0.010825227
    9.222146458    0.006339428    0.010849548
    9.266271560    0.006308537    0.010881552
    9.310396663    0.006286581    0.010921323
    9.354521766    0.006273690    0.010968944
    9.398646868    0.006269980    0.011024491
    9.442771971    0.006275558    0.011088040
    9.486897074    0.006290528    0.011159658
    9.531022176    0.006315010    0.011239410
    9.575147279    0.006349140    0.011327358
    9.619272382    0.006393062    0.011423556
    9.663397484    0.006446914    0.011528055
    9.707522587    0.006510818    0.011640902
    9.751647690    0.006584881    0.011762137
    9.795772792    0.006669196    0.011891797
    9.839897895    0.006763866    0.012029912
    9.884022998    0.006868998    0.012176507
    9.928148100    0.006984703    0.012331601
    9.972273203    0.007111082    0.012495206
   10.016398306    0.007248212    0.012667329
   10.060523408    0.007396148    0.012847971
   10.104648511    0.007554936    0.013037124
   10.148773614    0.007724626    0.013234775
   10.192898716    0.007905278    0.013440903
   10.237023819    0.008096966    0.013655478
   10.281148922    0.008299759    0.013878466
   10.325274024    0.008513712    0.014109822
   10.369399127    0.008738868    0.014349499
   10.413524230    0.008975259    0.014597437
   10.457649332    0.009222932    0.014853571
   10.501774435    0.009481946    0.015117830
   10.545899538    0.009752373    0.015390133
   10.590024640    0.010034284    0.015670393
   10.634149743    0.010327730    0.015958515
   10.678274846    0.010632739    0.016254395
   10.722399948    0.010949324    0.016557921
   10.766525051    0.011277495    0.016868972
   10.810650154    0.011617269    0.017187417
   10.854775256    0.011968670    0.017513114
   10.898900359    0.012331712    0.017845913
   10.943025462    0.012706388    0.018185652
   10.987150564    0.013092668    0.018532157
   11.031275667    0.013490505    0.018885244
   11.075400770    0.013899852    0.019244718
   11.119525872    0.014320679    0.019610371
   11.163650975    0.014752970    0.019981987
   11.207776078    0.015196711    0.020359336
   11.251901180    0.015651877    0.020742181
   11.296026283    0.016118419    0.021130275
   11.340151386    0.016596273    0.021523359
   11.384276488    0.017085371    0.021921169
   11.428401591    0.017585650    0.022323429
   11.472526694    0.018097052    0.022729856
   11.516651796    0.018619504    0.023140158
   11.560776899    0.019152903    0.023554036
   11.604902002    0.019697101    0.023971183
   11.649027104    0.020251907    0.024391281
   11.693152207    0.020817109    0.024814007
   11.737277310    0.021392482    0.025239029
   11.781402412    0.021977794    0.025666003
   11.825527515    0.022572797    0.026094582
   11.869652618    0.023177214    0.026524407
   11.913777720    0.023790727    0.026955116
   11.957902823    0.024412985    0.027386336
   12.002027926    0.025043626    0.027817690
   12.046153028    0.025682287    0.028248794
   12.090278131    0.026328617    0.028679258
   12.134403234    0.026982258    0.029108690
   12.178528336    0.027642828    0.029536691
   12.222653439    0.028309906    0.029962863
   12.266778542    0.028983031    0.030386801
   12.310903644    0.029661713    0.030808100
   12.355028747    0.030345451    0.031226350
   12.399153850    0.031033735    0.031641143
   12.443278952    0.031726039    0.032052064
   12.487404055    0.032421799    0.032458702
   12.531529158    0.033120407    0.032860642
   12.575654260    0.033821210    0.033257469
   12.619779363    0.034523534    0.033648770
   12.663904466    0.035226714    0.034034129
   12.708029568    0.035930098    0.034413135
   12.752154671    0.036633053    0.034785380
   12.796279774    0.037334943    0.035150458
   12.840404876    0.038035118    0.035507972
   12.884529979    0.038732905    0.035857531
   12.928655082    0.039427628    0.036198755
   12.972780184    0.040118616    0.036531271
   13.016905287    0.040805208    0.036854719
   13.061030390    0.041486737    0.037168756
   13.105155492    0.042162498    0.037473051
   13.149280595    0.042831719    0.037767294
   13.193405698    0.043493554    0.038051191
   13.237530800    0.044147089    0.038324473
   13.281655903    0.044791366    0.038586891
   13.325781006    0.045425397    0.038838224
   13.369906108    0.046048167    0.039078280
   13.414031211    0.046658620    0.039306899
   13.458156314    0.047255654    0.039523957
   13.502281416    0.047838129    0.039729372
   13.546406519    0.048404896    0.039923102
   13.590531622    0.048954837    0.040105153
   13.634656724    0.049486893    0.040275585
   13.678781827    0.050000072    0.040434512
   13.722906930    0.050493429    0.040582109
   13.767032032    0.050966047    0.040718616
   13.811157135    0.051417023    0.040844343
   13.855282238    0.051845479    0.040959667
   13.899407340    0.052250578    0.041065043
   13.943532443    0.052631528    0.041161002
   13.987657546    0.052987574    0.041248153
   14.031782648    0.053317964    0.041327190
   14.075907751    0.053621918    0.041398892
   14.120032854    0.053898612    0.041464123
   14.164157956    0.054147195    0.041523829
   14.208283059    0.054366815    0.041579044
   14.252408162    0.054556660    0.041630884
   14.296533264    0.054715963    0.041680549
   14.340658367    0.054843992    0.041729317
   14.384783470    0.054940043    0.041778541
   14.428908572    0.055003432    0.041829636
   14.473033675    0.055033515    0.041884068
   14.517158778    0.055029731    0.041943343
   14.561283880    0.054991622    0.042008993
   14.605408983    0.054918838    0.042082558
   14.649534086    0.054811108    0.042165570
   14.693659188    0.054668198    0.042259523
   14.737784291    0.054489883    0.042365843
   14.781909394    0.054275946    0.042485847
   14.826034496    0.054026204    0.042620706
   14.870159599    0.053740528    0.042771412
   14.914284702    0.053418851    0.042938758
   14.958409804    0.053061149    0.043123337
   15.002534907    0.052667414    0.043325543
   15.046660010    0.052237645    0.043545587
   15.090785112    0.051771877    0.043783510
   15.134910215    0.051270232    0.044039192
   15.179035318    0.050732978    0.044312352
   15.223160420    0.050160557    0.044602547
   15.267285523    0.049553580    0.044909159
   15.311410626    0.048912802    0.045231382
   15.355535728    0.048239105    0.045568204
   15.399660831    0.047533512    0.045918379
   15.443785934    0.046797224    0.046280409
   15.487911036    0.046031669    0.046652519
   15.532036139    0.045238513    0.047032647
   15.576161242    0.044419641    0.047418445
   15.620286344    0.043577113    0.047807308
   15.664411447    0.042713150    0.048196414
   15.708536550    0.041830149    0.048582789
   15.752661652    0.040930748    0.048963382
   15.796786755    0.040017909    0.049335151
   15.840911858    0.039094965    0.049695148
   15.885036960    0.038165635    0.050040591
   15.929162063    0.037234004    0.050368933
   15.973287166    0.036304512    0.050677901
   16.017412268    0.035381987    0.050965524
   16.061537371    0.034471711    0.051230132
   16.105662474    0.033579490    0.051470349
   16.149787576    0.032711682    0.051685069
   16.193912679    0.031875158    0.051873431
   16.238037782    0.031077215    0.052034798
   16.282162884    0.030325495    0.052168732
   16.326287987    0.029627952    0.052274983
   16.370413090    0.028992876    0.052353479
   16.414538192    0.028428924    0.052404318
   16.458663295    0.027945115    0.052427775
   16.502788398    0.027550750    0.052424305
   16.546913500    0.027255270    0.052394558
   16.591038603    0.027068129    0.052339394
   16.635163706    0.026998724    0.052259887
   16.679288808    0.027056395    0.052157319
   16.723413911    0.027250420    0.052033164
   16.767539014    0.027589922    0.051889054
   16.811664116    0.028083625    0.051726739
   16.855789219    0.028739499    0.051548052
   16.899914322    0.029564397    0.051354869
   16.944039424    0.030563809    0.051149086
   16.988164527    0.031741753    0.050932597
   17.032289630    0.033100719    0.050707281
   17.076414732    0.034641469    0.050474985
   17.120539835    0.036362552    0.050237509
   17.164664938    0.038259519    0.049996597
   17.208790040    0.040324079    0.049753923
   17.252915143    0.042543524    0.049511087
   17.297040246    0.044900776    0.049269611
   17.341165348    0.047375180    0.049030934
   17.385290451    0.049943889    0.048796416
   17.429415554    0.052583439    0.048567333
   17.473540656    0.055271061    0.048344879
   17.517665759    0.057985400    0.048130165
   17.561790862    0.060706546    0.047924217
   17.605915964    0.063415570    0.047727984
   17.650041067    0.066093798    0.047542336
   17.694166170    0.068722092    0.047368069
   17.738291272    0.071280201    0.047205903
   17.782416375    0.073746198    0.047056485
   17.826541478    0.076095955    0.046920392
   17.870666580    0.078302732    0.046798132
   17.914791683    0.080337044    0.046690148
   17.958916786    0.082167047    0.046596820
   18.003041888    0.083759593    0.046518469
   18.047166991    0.085081959    0.046455360
   18.091292094    0.086104046    0.046407699
   18.135417196    0.086800711    0.046375640
   18.179542299    0.087153873    0.046359284
   18.223667402    0.087154071    0.046358680
   18.267792504    0.086801300    0.046373830
   18.311917607    0.086105010    0.046404683
   18.356042710    0.085083282    0.046451142
   18.400167812    0.083761264    0.046513053
   18.444292915    0.082169072    0.046590211
   18.488418018    0.080339456    0.046682353
   18.532543120    0.078305595    0.046789160
   18.576668223    0.076099362    0.046910254
   18.620793326    0.073750263    0.047045193
   18.664918428    0.071285050    0.047193472
   18.709043531    0.068727846    0.047354515
   18.753168634    0.066100561    0.047527675
   18.797293736    0.063423412    0.047712234
   18.841418839    0.060715500    0.047907397
   18.885543942    0.057995448    0.048112294
   18.929669044    0.055282135    0.048325978
   18.973794147    0.052595415    0.048547420
   19.017919250    0.049956597    0.048775510
   19.062044352    0.047388405    0.049009054
   19.106169455    0.044914270    0.049246777
   19.150294558    0.042557021    0.049487317
   19.194419660    0.040337308    0.049729235
   19.238544763    0.038272214    0.049971010
   19.282669866    0.036374458    0.050211042
   19.326794968    0.034652348    0.050447657
   19.370920071    0.033110344    0.050679112
   19.415045174    0.031749912    0.050903606
   19.459170276    0.030570304    0.051119293
   19.503295379    0.029569041    0.051324293
   19.547420482    0.028742118    0.051516711
   19.591545584    0.028084061    0.051694649
   19.635670687    0.027588029    0.051856230
   19.679795790    0.027246066    0.051999618
   19.723920892    0.027049459    0.052123061
   19.768045995    0.026989096    0.052224923
   19.812171098    0.027055712    0.052303727
   19.856296201    0.027239978    0.052358187
   19.900421303    0.027532512    0.052387226
   19.944546406    0.027923876    0.052389983
   19.988671509    0.028404647    0.052365804
   20.032796611    0.028965543    0.052314235
   20.076921714    0.029597560    0.052235001
   20.121046817    0.030292058    0.052128005
   20.165171919    0.031040765    0.051993323
   20.209297022    0.031835740    0.051831207
   20.253422125    0.032669351    0.051642097
   20.297547227    0.033534308    0.051426637
   20.341672330    0.034423745    0.051185690
   20.385797433    0.035331301    0.050920367
   20.429922535    0.036251168    0.050632045
   20.474047638    0.037178058    0.050322397
   20.518172741    0.038107140    0.049993395
   20.562297843    0.039033969    0.049647312
   20.606422946    0.039954458    0.049286694
   20.650548049    0.040864889    0.048914321
   20.694673151    0.041761934    0.048533141
   20.738798254    0.042642639    0.048146192
   20.782923357    0.043504377    0.047756522
   20.827048459    0.044344765    0.047367104
   20.871173562    0.045161601    0.046980758
   20.915298665    0.045952836    0.046600088
   20.959423767    0.046716599    0.046227440
   21.003548870    0.047451231    0.045864873
   21.047673973    0.048155309    0.045514163
   21.091799075    0.048827626    0.045176808
   21.135924178    0.049467151    0.044854052
   21.180049281    0.050072988    0.044546908
   21.224174383    0.050644364    0.044256182
   21.268299486    0.051180646    0.043982490
   21.312424589    0.051681372    0.043726278
   21.356549691    0.052146257    0.043487824
   21.400674794    0.052575164    0.043267251
   21.444799897    0.052968053    0.043064517
   21.488924999    0.053324927    0.042879412
   21.533050102    0.053645804    0.042711542
   21.577175205    0.053930726    0.042560315
   21.621300307    0.054179782    0.042424938
   21.665425410    0.054393128    0.042304420
   21.709550513    0.054570975    0.042197592
   21.753675615    0.054713564    0.042103136
   21.797800718    0.054821137    0.042019629
   21.841925821    0.054893937    0.041945577
   21.886050923    0.054932235    0.041879450
   21.930176026    0.054936366    0.041819709
   21.974301129    0.054906762    0.041764826
   22.018426231    0.054843948    0.041713296
   22.062551334    0.054748526    0.041663656
   22.106676437    0.054621134    0.041614492
   22.150801539    0.054462434    0.041564455
   22.194926642    0.054273117    0.041512268
   22.239051745    0.054053921    0.041456732
   22.283176847    0.053805647    0.041396733
   22.327301950    0.053529146    0.041331239
   22.371427053    0.053225289    0.041259302
   22.415552155    0.052894935    0.041180059
   22.459677258    0.052538915    0.041092732
   22.503802361    0.052158041    0.040996626
   22.547927463    0.051753134    0.040891131
   22.592052566    0.051325050    0.040775715
   22.636177669    0.050874685    0.040649923
   22.680302771    0.050402965    0.040513377
   22.724427874    0.049910820    0.040365766
   22.768552977    0.049399179    0.040206850
   22.812678079    0.048868975    0.040036454
   22.856803182    0.048321166    0.039854462
   22.900928285    0.047756759    0.039660818
   22.945053387    0.047176803    0.039455514
   22.989178490    0.046582368    0.039238592
   23.033303593    0.045974513    0.039010137
   23.077428695    0.045354259    0.038770272
   23.121553798    0.044722592    0.038519158
   23.165678901    0.044080469    0.038256987
   23.209804003    0.043428839    0.037983980
   23.253929106    0.042768642    0.037700386
   23.298054209    0.042100795    0.037406474
   23.342179311    0.041426166    0.037102536
   23.386304414    0.040745566    0.036788883
   23.430429517    0.040059753    0.036465842
   23.474554619    0.039369451    0.036133757
   23.518679722    0.038675380    0.035792986
   23.562804825    0.037978265    0.035443899
   23.606929927    0.037278827    0.035086876
   23.651055030    0.036577768    0.034722306
   23.695180133    0.035875754    0.034350586
   23.739305235    0.035173418    0.033972118
   23.783430338    0.034471377    0.033587312
   23.827555441    0.033770247    0.033196577
   23.871680543    0.033070654    0.032800329
   23.915805646    0.032373226    0.032398981
   23.959930749    0.031678567    0.031992948
   24.004055851    0.030987245    0.031582642
   24.048180954    0.030299789    0.031168477
   24.092306057    0.029616705    0.030750865
   24.136431159    0.028938493    0.030330214
   24.180556262    0.028265661    0.029906932
   24.224681365    0.027598719    0.029481424
   24.268806467    0.026938160    0.029054091
   24.312931570    0.026284443    0.028625331
   24.357056673    0.025637994    0.028195540
   24.401181775    0.024999212    0.027765110
   24.445306878    0.024368490    0.027334428
   24.489431981    0.023746220    0.026903875
   24.533557083    0.023132787    0.026473830
   24.577682186    0.022528550    0.026044663
   24.621807289    0.021933825    0.025616737
   24.665932391    0.021348878    0.025190410
   24.710057494    0.020773933    0.024766030
   24.754182597    0.020209195    0.024343942
   24.798307699    0.019654854    0.023924477
   24.842432802    0.019111094    0.023507961
   24.886557905    0.018578076    0.023094710
   24.930683007    0.018055927    0.022685033
   24.974808110    0.017544738    0.022279228
   25.018933213    0.017044578    0.021877586
   25.063058315    0.016555511    0.021480389
   25.107183418    0.016077616    0.021087910
   25.151308521    0.015610985    0.020700414
   25.195433623    0.015155709    0.020318153
   25.239558726    0.014711869    0.019941374
   25.283683829    0.014279522    0.019570311
   25.327808931    0.013858710    0.019205190
   25.371934034    0.013449473    0.018846226
   25.416059137    0.013051858    0.018493624
   25.460184239    0.012665920    0.018147579
   25.504309342    0.012291708    0.017808274
   25.548434445    0.011929246    0.017475883
   25.592559547    0.011578528    0.017150567
   25.636684650    0.011239522    0.016832480
   25.680809753    0.010912183    0.016521764
   25.724934855    0.010596473    0.016218552
   25.769059958    0.010292358    0.015922968
   25.813185061    0.009999808    0.015635125
   25.857310163    0.009718777    0.015355128
   25.901435266    0.009449202    0.015083074
   25.945560369    0.009191006    0.014819052
   25.989685471    0.008944114    0.014563142
   26.033810574    0.008708464    0.014315417
   26.077935677    0.008484017    0.014075941
   26.122060779    0.008270740    0.013844772
   26.166185882    0.008068600    0.013621959
   26.210310985    0.007877544    0.013407544
   26.254436087    0.007697506    0.013201563
   26.298561190    0.007528417    0.013004044
   26.342686293    0.007370213    0.012815009
   26.386811395    0.007222843    0.012634471
   26.430936498    0.007086259    0.012462438
   26.475061601    0.006960399    0.012298912
   26.519186703    0.006845181    0.012143888
   26.563311806    0.006740499    0.011997353
   26.607436909    0.006646239    0.011859291
   26.651562011    0.006562290    0.011729678
   26.695687114    0.006488549    0.011608486
   26.739812217    0.006424921    0.011495679
   26.783937319    0.006371302    0.011391217
   26.828062422    0.006327574    0.011295054
   26.872187525    0.006293602    0.011207139
   26.916312627    0.006269243    0.011127416
   26.960437730    0.006254367    0.011055824
   27.004562833    0.006248855    0.010992297
   27.048687935    0.006252603    0.010936765
   27.092813038    0.006265505    0.010889154
   27.136938141    0.006287441    0.010849384
   27.181063243    0.006318279    0.010817375
   27.225188346    0.006357880    0.010793041
   27.269313449    0.006406109    0.010776294
   27.313438551    0.006462845    0.010767042
   27.357563654    0.006527977    0.010765193
   27.401688757    0.006601388    0.010770650
   27.445813859    0.006682946    0.010783315
   27.489938962    0.006772503    0.010803086
   27.534064065    0.006869897    0.010829862
   27.578189167    0.006974966    0.010863537
   27.622314270    0.007087562    0.010904005
   27.666439373    0.007207540    0.010951156
   27.710564475    0.007334759    0.011004881
   27.754689578    0.007469064    0.011065065
   27.798814681    0.007610285    0.011131595
   27.842939783    0.007758244    0.011204354
   27.887064886    0.007912772    0.011283226
   27.931189989    0.008073709    0.011368090
   27.975315091    0.008240915    0.011458827
   28.019440194    0.008414252    0.011555316
   28.063565297    0.008593578    0.011657434
   28.107690399    0.008778736    0.011765058
   28.151815502    0.008969565    0.011878066
   28.195940605    0.009165904    0.011996333
   28.240065707    0.009367606    0.012119735
   28.284190810    0.009574532    0.012248147
   28.328315913    0.009786549    0.012381444
   28.372441015    0.010003512    0.012519499
   28.416566118    0.010225260    0.012662187
   28.460691221    0.010451621    0.012809379
   28.504816323    0.010682422    0.012960949
   28.548941426    0.010917499    0.013116768
   28.593066529    0.011156701    0.013276707
   28.637191631    0.011399883    0.013440636
   28.681316734    0.011646892    0.013608424
   28.725441837    0.011897566    0.013779941
   28.769566939    0.012151734    0.013955055
   28.813692042    0.012409227    0.014133636
   28.857817145    0.012669887    0.014315550
   28.901942247    0.012933569    0.014500667
   28.946067350    0.013200138    0.014688854
   28.990192453    0.013469450    0.014879979
   29.034317555    0.013741353    0.015073909
   29.078442658    0.014015679    0.015270514
   29.122567761    0.014292259    0.015469662
   29.166692863    0.014570931    0.015671220
   29.210817966    0.014851546    0.015875057
   29.254943069    0.015133961    0.016081042
   29.299068171    0.015418031    0.016289043
   29.343193274    0.015703600    0.016498930
   29.387318377    0.015990506    0.016710570
   29.431443479    0.016278586    0.016923834
   29.475568582    0.016567690    0.017138592
   29.519693685    0.016857686    0.017354712
   29.563818787    0.017148454    0.017572067
   29.607943890    0.017439876    0.017790527
   29.652068993    0.017731826    0.018009964
   29.696194095    0.018024166    0.018230251
   29.740319198    0.018316757    0.018451261
   29.784444301    0.018609464    0.018672869
   29.828569403    0.018902158    0.018894950
   29.872694506    0.019194717    0.019117379
   29.916819609    0.019487011    0.019340034
   29.960944711    0.019778898    0.019562793
   30.005069814    0.020070216    0.019785533
   30.049194917    0.020360799    0.020008134
   30.093320019    0.020650483    0.020230477
   30.137445122    0.020939120    0.020452442
   30.181570225    0.021226572    0.020673912
   30.225695327    0.021512710    0.020894768
   30.269820430    0.021797404    0.021114894
   30.313945533    0.022080522    0.021334175
   30.358070635    0.022361936    0.021552497
   30.402195738    0.022641533    0.021769746
   30.446320841    0.022919221    0.021985810
   30.490445943    0.023194923    0.022200578
   30.534571046    0.023468569    0.022413939
   30.578696149    0.023740083    0.022625784
   30.622821251    0.024009378    0.022836006
   30.666946354    0.024276354    0.023044498
   30.711071457    0.024540907    0.023251153
   30.755196559    0.024802939    0.023455866
   30.799321662    0.025062351    0.023658535
   30.843446765    0.025319040    0.023859054
   30.887571867    0.025572887    0.024057323
   30.931696970    0.025823758    0.024253241
   30.975822073    0.026071509    0.024446708
   31.019947175    0.026315999    0.024637626
   31.064072278    0.026557096    0.024825897
   31.108197381    0.026794690    0.025011426
   31.152322483    0.027028676    0.025194120
   31.196447586    0.027258956    0.025373885
   31.240572689    0.027485429    0.025550631
   31.284697791    0.027707994    0.025724271
   31.328822894    0.027926557    0.025894715
   31.372947997    0.028141041    0.026061881
   31.417073099    0.028351377    0.026225684
   31.461198202    0.028557506    0.026386043
   31.505323305    0.028759358    0.026542878
   31.549448407    0.028956851    0.026696111
   31.593573510    0.029149886    0.026845665
   31.637698613    0.029338361    0.026991465
   31.681823715    0.029522174    0.027133438
   31.725948818    0.029701233    0.027271512
   31.770073921    0.029875448    0.027405615
   31.814199023    0.030044726    0.027535679
   31.858324126    0.030208969    0.027661636
   31.902449229    0.030368074    0.027783419
   31.946574331    0.030521947    0.027900963
   31.990699434    0.030670508    0.028014207
   32.034824537    0.030813700    0.028123089
   32.078949639    0.030951483    0.028227549
   32.123074742    0.031083822    0.028327529
   32.167199845    0.031210681    0.028422975
   32.211324947    0.031332018    0.028513832
   32.255450050    0.031447793    0.028600050
   32.299575153    0.031557970    0.028681578
   32.343700255    0.031662522    0.028758369
   32.387825358    0.031761425    0.028830378
   32.431950461    0.031854648    0.028897562
   32.476075563    0.031942144    0.028959880
   32.520200666    0.032023852    0.029017292
   32.564325769    0.032099703    0.029069762
   32.608450871    0.032169630    0.029117256
   32.652575974    0.032233577    0.029159740
   32.696701077    0.032291494    0.029197184
   32.740826179    0.032343338    0.029229560
   32.784951282    0.032389057    0.029256842
   32.829076385    0.032428598    0.029279004
   32.873201487    0.032461908    0.029296025
   32.917326590    0.032488941    0.029307885
   32.961451693    0.032509668    0.029314564
   33.005576796    0.032524069    0.029316048
   33.049701898    0.032532126    0.029312321
   33.093827001    0.032533812    0.029303371
   33.137952104    0.032529090    0.029289189
   33.182077206    0.032517916    0.029269765
   33.226202309    0.032500245    0.029245096
   33.270327412    0.032476040    0.029215176
   33.314452514    0.032445276    0.029180006
   33.358577617    0.032407928    0.029139587
   33.402702720    0.032363969    0.029093923
   33.446827822    0.032313370    0.029043021
   33.490952925    0.032256103    0.028986890
   33.535078028    0.032192153    0.028925542
   33.579203130    0.032121527    0.028858992
   33.623328233    0.032044251    0.028787258
   33.667453336    0.031960366    0.028710359
   33.711578438    0.031869917    0.028628317
   33.755703541    0.031772946    0.028541157
   33.799828644    0.031669492    0.028448906
   33.843953746    0.031559599    0.028351594
   33.888078849    0.031443317    0.028249252
   33.932203952    0.031320699    0.028141913
   33.976329054    0.031191799    0.028029614
   34.020454157    0.031056654    0.027912393
   34.064579260    0.030915285    0.027790290
   34.108704362    0.030767699    0.027663348
   34.152829465    0.030613894    0.027531612
   34.196954568    0.030453874    0.027395129
   34.241079670    0.030287653    0.027253952
   34.285204773    0.030115249    0.027108131
   34.329329876    0.029936683    0.026957723
   34.373454978    0.029751976    0.026802785
   34.417580081    0.029561152    0.026643379
   34.461705184    0.029364244    0.026479568
   34.505830286    0.029161310    0.026311418
   34.549955389    0.028952425    0.026138997
   34.594080492    0.028737685    0.025962376
   34.638205594    0.028517188    0.025781627
   34.682330697    0.028291035    0.025596825
   34.726455800    0.028059319    0.025408047
   34.770580902    0.027822135    0.025215372
   34.814706005    0.027579581    0.025018880
   34.858831108    0.027331766    0.024818654
   34.902956210    0.027078796    0.024614777
   34.947081313    0.026820775    0.024407337
   34.991206416    0.026557791    0.024196421
   35.035331518    0.026289924    0.023982119
   35.079456621    0.026017246    0.023764524
   35.123581724    0.025739838    0.023543730
   35.167706826    0.025457791    0.023319832
   35.211831929    0.025171207    0.023092928
   35.255957032    0.024880195    0.022863119
   35.300082134    0.024584861    0.022630505
   35.344207237    0.024285313    0.022395191
   35.388332340    0.023981662    0.022157282
   35.432457442    0.023674033    0.021916883
   35.476582545    0.023362568    0.021674103
   35.520707648    0.023047424    0.021429052
   35.564832750    0.022728762    0.021181839
   35.608957853    0.022406742    0.020932576
   35.653082956    0.022081516    0.020681376
   35.697208058    0.021753237    0.020428352
   35.741333161    0.021422060    0.020173620
   35.785458264    0.021088152    0.019917294
   35.829583366    0.020751688    0.019659491
   35.873708469    0.020412844    0.019400328
   35.917833572    0.020071790    0.019139921
   35.961958674    0.019728689    0.018878388
   36.006083777    0.019383699    0.018615847
   36.050208880    0.019036981    0.018352417
   36.094333982    0.018688707    0.018088214
   36.138459085    0.018339057    0.017823356
   36.182584188    0.017988215    0.017557959
   36.226709290    0.017636359    0.017292139
   36.270834393    0.017283658    0.017026011
   36.314959496    0.016930275    0.016759688
   36.359084598    0.016576375    0.016493283
   36.403209701    0.016222133    0.016226906
   36.447334804    0.015867731    0.015960666
   36.491459906    0.015513356    0.015694672
   36.535585009    0.015159191    0.015429029
   36.579710112    0.014805410    0.015163841
   36.623835214    0.014452188    0.014899212
   36.667960317    0.014099701    0.014635244
   36.712085420    0.013748136    0.014372036
   36.756210522    0.013397696    0.014109685
   36.800335625    0.013048588    0.013848290
   36.844460728    0.012701021    0.013587943
   36.888585830    0.012355197    0.013328739
   36.932710933    0.012011311    0.013070767
   36.976836036    0.011669562    0.012814118
   37.020961138    0.011330153    0.012558877
   37.065086241    0.010993295    0.012305129
   37.109211344    0.010659200    0.012052955
   37.153336446    0.010328074    0.011802437
   37.197461549    0.010000108    0.011553650
   37.241586652    0.009675481    0.011306671
   37.285711754    0.009354369    0.011061571
   37.329836857    0.009036947    0.010818421
   37.373961960    0.008723395    0.010577290
   37.418087062    0.008413897    0.010338244
   37.462212165    0.008108630    0.010101348
   37.506337268    0.007807761    0.009866663
   37.550462370    0.007511447    0.009634252
   37.594587473    0.007219842    0.009404175
   37.638712576    0.006933105    0.009176489
   37.682837678    0.006651398    0.008951253
   37.726962781    0.006374890    0.008728522
   37.771087884    0.006103743    0.008508352
   37.815212986    0.005838105    0.008290795
   37.859338089    0.005578113    0.008075906
   37.903463192    0.005323891    0.007863735
   37.947588294    0.005075560    0.007654335
   37.991713397    0.004833242    0.007447756
   38.035838500    0.004597056    0.007244046
   38.079963602    0.004367108    0.007043254
   38.124088705    0.004143488    0.006845428
   38.168213808    0.003926266    0.006650616
   38.212338910    0.003715501    0.006458863
   38.256464013    0.003511241    0.006270218
   38.300589116    0.003313536    0.006084725
   38.344714218    0.003122433    0.005902431
   38.388839321    0.002937968    0.005723381
   38.432964424    0.002760159    0.005547620
   38.477089526    0.002589007    0.005375194
   38.521214629    0.002424495    0.005206149
   38.565339732    0.002266598    0.005040530
   38.609464834    0.002115288    0.004878382
   38.653589937    0.001970532    0.004719752
   38.697715040    0.001832281    0.004564685
   38.741840142    0.001700472    0.004413227
   38.785965245    0.001575014    0.004265424
   38.830090348    0.001455801    0.004121323
   38.874215450    0.001342714    0.003980970
   38.918340553    0.001235631    0.003844411
   38.962465656    0.001134426    0.003711693
   39.006590758    0.001038963    0.003582862
   39.050715861    0.000949094    0.003457964
   39.094840964    0.000864653    0.003337046
   39.138966066    0.000785458    0.003220155
   39.183091169    0.000711328    0.003107335
   39.227216272    0.000642080    0.002998631
   39.271341374    0.000577540    0.002894090
   39.315466477    0.000517532    0.002793753
   39.359591580    0.000461874    0.002697664
   39.403716682    0.000410376    0.002605865
   39.447841785    0.000362841    0.002518397
   39.491966888    0.000319075    0.002435298
   39.536091990    0.000278892    0.002356607
   39.580217093    0.000242119    0.002282360
   39.624342196    0.000208592    0.002212591
   39.668467298    0.000178149    0.002147334
   39.712592401    0.000150623    0.002086620
   39.756717504    0.000125852    0.002030478
   39.800842606    0.000103680    0.001978936
   39.844967709    0.000083967    0.001932020
   39.889092812    0.000066592    0.001889754
   39.933217914    0.000051452    0.001852159
   39.977343017    0.000038450    0.001819255
   40.021468120    0.000027495    0.001791059
   40.065593222    0.000018500    0.001767587
   40.109718325    0.000011389    0.001748851
   40.153843428    0.000006106    0.001734862
   40.197968530    0.000002617    0.001725627
   40.242093633    0.000000906    0.001721152
   40.286218736    0.000000967    0.001721440
   40.330343838    0.000002802    0.001726491
   40.374468941    0.000006415    0.001736301
   40.418594044    0.000011824    0.001750867
   40.462719146    0.000019064    0.001770181
   40.506844249    0.000028192    0.001794233
   40.550969352    0.000039284    0.001823010
   40.595094454    0.000052429    0.001856498
   40.639219557    0.000067718    0.001894680
   40.683344660    0.000085250    0.001937537
   40.727469762    0.000105130    0.001985049
   40.771594865    0.000127479    0.002037193
   40.815719968    0.000152437    0.002093943
   40.859845070    0.000180160    0.002155273
   40.903970173    0.000210815    0.002221154
   40.948095276    0.000244565    0.002291555
   40.992220378    0.000281575    0.002366445
   41.036345481    0.000322008    0.002445788
   41.080470584    0.000366040    0.002529550
   41.124595686    0.000413854    0.002617693
   41.168720789    0.000465647    0.002710178
   41.212845892    0.000521616    0.002806964
   41.256970994    0.000581952    0.002908010
   41.301096097    0.000646839    0.003013273
   41.345221200    0.000716452    0.003122710
   41.389346302    0.000790968    0.003236276
   41.433471405    0.000870571    0.003353927
   41.477596508    0.000955444    0.003475617
   41.521721610    0.001045768    0.003601300
   41.565846713    0.001141710    0.003730930
   41.609971816    0.001243421    0.003864461
   41.654096918    0.001351037    0.004001847
   41.698222021    0.001464683    0.004143041
   41.742347124    0.001584481    0.004287997
   41.786472226    0.001710552    0.004436668
   41.830597329    0.001843001    0.004589007
   41.874722432    0.001981919    0.004744970
   41.918847534    0.002127372    0.004904508
   41.962972637    0.002279408    0.005067575
   42.007097740    0.002438061    0.005234126
   42.051222842    0.002603364    0.005404113
   42.095347945    0.002775344    0.005577491
   42.139473048    0.002954018    0.005754213
   42.183598150    0.003139390    0.005934233
   42.227723253    0.003331443    0.006117505
   42.271848356    0.003530143    0.006303983
   42.315973458    0.003735445    0.006493620
   42.360098561    0.003947301    0.006686371
   42.404223664    0.004165658    0.006882189
   42.448348766    0.004390459    0.007081028
   42.492473869    0.004621629    0.007282839
   42.536598972    0.004859075    0.007487576
   42.580724074    0.005102685    0.007695191
   42.624849177    0.005352337    0.007905634
   42.668974280    0.005607902    0.008118855
   42.713099382    0.005869257    0.008334804
   42.757224485    0.006136272    0.008553428
   42.801349588    0.006408810    0.008774675
   42.845474690    0.006686722    0.008998491
   42.889599793    0.006969846    0.009224819
   42.933724896    0.007258017    0.009453604
   42.977849998    0.007551076    0.009684788
   43.021975101    0.007848869    0.009918312
   43.066100204    0.008151249    0.010154115
   43.110225306    0.008458063    0.010392136
   43.154350409    0.008769152    0.010632312
   43.198475512    0.009084340    0.010874577
   43.242600614    0.009403449    0.011118867
   43.286725717    0.009726299    0.011365111
   43.330850820    0.010052713    0.011613241
   43.374975922    0.010382513    0.011863184
   43.419101025    0.010715517    0.012114865
   43.463226128    0.011051524    0.012368208
   43.507351230    0.011390324    0.012623134
   43.551476333    0.011731697    0.012879562
   43.595601436    0.012075424    0.013137406
   43.639726538    0.012421295    0.013396581
   43.683851641    0.012769109    0.013656997
   43.727976744    0.013118664    0.013918563
   43.772101846    0.013469756    0.014181185
   43.816226949    0.013822179    0.014444767
   43.860352052    0.014175723    0.014709212
   43.904477154    0.014530189    0.014974418
   43.948602257    0.014885390    0.015240285
   43.992727360    0.015241150    0.015506707
   44.036852462    0.015597298    0.015773580
   44.080977565    0.015953654    0.016040797
