    0.000000000    0.004568444    0.045775444
    0.044125103    0.004216273    0.042562246
    0.088250205    0.003883420    0.039546314
    0.132375308    0.003567845    0.036719224
    0.176500411    0.003274116    0.034072411
    0.220625513    0.003008578    0.031597268
    0.264750616    0.002773348    0.029285259
    0.308875719    0.002563480    0.027127983
    0.353000821    0.002369388    0.025117201
    0.397125924    0.002182756    0.023244823
    0.441251027    0.002001607    0.021502908
    0.485376129    0.001830840    0.019883700
    0.529501232    0.001677805    0.018379686
    0.573626335    0.001546153    0.016983670
    0.617751437    0.001432438    0.015688810
    0.661876540    0.001327948    0.014488602
    0.706001643    0.001224446    0.013376840
    0.750126745    0.001119622    0.012347579
    0.794251848    0.001018271    0.011395128
    0.838376951    0.000928325    0.010514091
    0.882502053    0.000854621    0.009699406
    0.926627156    0.000794953    0.008946369
    0.970752259    0.000741290    0.008250607
    1.014877361    0.000685287    0.007608016
    1.059002464    0.000624057    0.007014713
    1.103127567    0.000561998    0.006467012
    1.147252669    0.000507326    0.005961450
    1.191377772    0.000465822    0.005494825
    1.235502875    0.000436374    0.005064214
    1.279627977    0.000411555    0.004666949
    1.323753080    0.000382837    0.004300559
    1.367878183    0.000346640    0.003962708
    1.412003285    0.000306787    0.003651173
    1.456128388    0.000271577    0.003363864
    1.500253491    0.000247589    0.003098866
    1.544378593    0.000234740    0.002854464
    1.588503696    0.000226206    0.002629123
    1.632628799    0.000213283    0.002421432
    1.676753901    0.000191644    0.002230051
    1.720879004    0.000164412    0.002053682
    1.765004107    0.000139819    0.001891090
    1.809129209    0.000125118    0.001741149
    1.853254312    0.000121209    0.001602871
    1.897379415    0.000121898    0.001475402
    1.941504517    0.000118337    0.001357968
    1.985629620    0.000105431    0.001249818
    2.029754723    0.000085514    0.001150202
    2.073879825    0.000066617    0.001058387
    2.118004928    0.000056567    0.000973704
    2.162130031    0.000057227    0.000895588
    2.206255133    0.000063076    0.000823576
    2.250380236    0.000065187    0.000757262
    2.294505339    0.000057713    0.000696239
    2.338630441    0.000042137    0.000640075
    2.382755544    0.000026183    0.000588324
    2.426880647    0.000018164    0.000540577
    2.471005749    0.000020885    0.000496507
    2.515130852    0.000029555    0.000455871
    2.559255955    0.000035246    0.000418473
    2.603381057    0.000031389    0.000384104
    2.647506160    0.000018566    0.000352513
    2.691631263    0.000004091    0.000323418
    2.735756365   -0.000003326    0.000296556
    2.779881468    0.000000040    0.000271731
    2.824006571    0.000010183    0.000248822
    2.868131673    0.000018256    0.000227752
    2.912256776    0.000017012    0.000208429
    2.956381879    0.000006098    0.000190706
    3.000506981   -0.000007673    0.000174397
    3.044632084   -0.000015286    0.000159320
    3.088757187   -0.000012116    0.000145351
    3.132882289   -0.000001328    0.000132437
    3.177007392    0.000008400    0.000120568
    3.221132495    0.000009203    0.000109719
    3.265257597   -0.000000230    0.000099809
    3.309382700   -0.000013675    0.000090705
    3.353507803   -0.000021901    0.000082271
    3.397632905   -0.000019415    0.000074420
    3.441758008   -0.000008494    0.000067133
    3.485883111    0.000002450    0.000060440
    3.530008213    0.000004995    0.000054355
    3.574133316   -0.000003139    0.000048837
    3.618258419   -0.000016401    0.000043786
    3.662383521   -0.000025440    0.000039089
    3.706508624   -0.000023934    0.000034678
    3.750633727   -0.000013223    0.000030552
    3.794758829   -0.000001361    0.000026760
    3.838883932    0.000002745    0.000023344
    3.883009035   -0.000004157    0.000020286
    3.927134137   -0.000017263    0.000017508
    3.971259240   -0.000027200    0.000014911
    4.015384343   -0.000026861    0.000012432
    4.059509445   -0.000016612    0.000010078
    4.103634548   -0.000004055    0.000007910
    4.147759651    0.000001501    0.000005984
    4.191884753   -0.000004162    0.000004302
    4.236009856   -0.000017063    0.000002799
    4.280134959   -0.000027902    0.000001381
    4.324260061   -0.000028843   -0.000000011
    4.368385164   -0.000019246   -0.000001371
    4.412510267   -0.000006171   -0.000002633
    4.456635369    0.000000758   -0.000003730
    4.500760472   -0.000003626   -0.000004647
    4.544885575   -0.000016231   -0.000005437
    4.589010677   -0.000027934   -0.000006191
    4.633135780   -0.000030228   -0.000006973
    4.677260883   -0.000021448   -0.000007776
    4.721385985   -0.000008015   -0.000008536
    4.765511088    0.000000219   -0.000009175
    4.809636191   -0.000002835   -0.000009668
    4.853761293   -0.000015033   -0.000010061
    4.897886396   -0.000027530   -0.000010441
    4.942011499   -0.000031221   -0.000010876
    4.986136601   -0.000023397   -0.000011367
    5.030261704   -0.000009759   -0.000011847
    5.074386807   -0.000000283   -0.000012236
    5.118511909   -0.000001949   -0.000012497
    5.162637012   -0.000013613   -0.000012667
    5.206762115   -0.000026813   -0.000012835
    5.250887217   -0.000031921   -0.000013072
    5.295012320   -0.000025180   -0.000013386
    5.339137423   -0.000011484   -0.000013712
    5.383262525   -0.000000837   -0.000013966
    5.427387628   -0.000001060   -0.000014102
    5.471512731   -0.000012059   -0.000014150
    5.515637833   -0.000025855   -0.000014196
    5.559762936   -0.000032383   -0.000014318
    5.603888039   -0.000026842   -0.000014529
    5.648013141   -0.000013240   -0.000014772
    5.692138244   -0.000001499   -0.000014956
    5.736263347   -0.000000232   -0.000015027
    5.780388449   -0.000010431   -0.000015008
    5.824513552   -0.000024704   -0.000014982
    5.868638655   -0.000032637   -0.000015035
    5.912763757   -0.000028402   -0.000015187
    5.956888860   -0.000015043   -0.000015384
    6.001013963   -0.000002296   -0.000015534
    6.045139065    0.000000499   -0.000015575
    6.089264168   -0.000008765   -0.000015521
    6.133389271   -0.000023383   -0.000015453
    6.177514373   -0.000032694   -0.000015462
    6.221639476   -0.000029862   -0.000015578
    6.265764579   -0.000016900   -0.000015752
    6.309889681   -0.000003245   -0.000015889
    6.354014784    0.000001106   -0.000015918
    6.398139887   -0.000007091   -0.000015847
    6.442264989   -0.000021914   -0.000015754
    6.486390092   -0.000032559   -0.000015734
    6.530515195   -0.000031217   -0.000015827
    6.574640297   -0.000018808   -0.000015988
    6.618765400   -0.000004355   -0.000016123
    6.662890503    0.000001567   -0.000016153
    6.707015606   -0.000005432   -0.000016076
    6.751140708   -0.000020312   -0.000015968
    6.795265811   -0.000032235   -0.000015927
    6.839390914   -0.000032460   -0.000016002
    6.883516016   -0.000020758   -0.000016159
    6.927641119   -0.000005628   -0.000016298
    6.971766222    0.000001869   -0.000016336
    7.015891324   -0.000003808   -0.000016260
    7.060016427   -0.000018590   -0.000016143
    7.104141530   -0.000031719   -0.000016086
    7.148266632   -0.000033578   -0.000016150
    7.192391735   -0.000022740   -0.000016305
    7.236516838   -0.000007065   -0.000016455
    7.280641940    0.000001995   -0.000016505
    7.324767043   -0.000002240   -0.000016436
    7.368892146   -0.000016763   -0.000016315
    7.413017248   -0.000031012   -0.000016247
    7.457142351   -0.000034559   -0.000016302
    7.501267454   -0.000024741   -0.000016459
    7.545392556   -0.000008664   -0.000016622
    7.589517659    0.000001936   -0.000016691
    7.633642762   -0.000000746   -0.000016634
    7.677767864   -0.000014842   -0.000016513
    7.721892967   -0.000030114   -0.000016439
    7.766018070   -0.000035392   -0.000016489
    7.810143172   -0.000026749   -0.000016652
    7.854268275   -0.000010423   -0.000016834
    7.898393378    0.000001677   -0.000016927
    7.942518480    0.000000653   -0.000016890
    7.986643583   -0.000012845   -0.000016777
    8.030768686   -0.000029027   -0.000016702
    8.074893788   -0.000036067   -0.000016753
    8.119018891   -0.000028752   -0.000016929
    8.163143994   -0.000012344   -0.000017137
    8.207269096    0.000001195   -0.000017264
    8.251394199    0.000001914   -0.000017256
    8.295519302   -0.000010823   -0.000017162
    8.339644404   -0.000027802   -0.000017097
    8.383769507   -0.000036635   -0.000017160
    8.427894610   -0.000030804   -0.000017359
    8.472019712   -0.000014488   -0.000017608
    8.516144815    0.000000425   -0.000017783
    8.560269918    0.000002981   -0.000017822
    8.604395020   -0.000008807   -0.000017765
    8.648520123   -0.000026434   -0.000017728
    8.692645226   -0.000037052   -0.000017822
    8.736770328   -0.000032845   -0.000018067
    8.780895431   -0.000016799   -0.000018379
    8.825020534   -0.000000596   -0.000018630
    8.869145636    0.000003871   -0.000018745
    8.913270739   -0.000006790   -0.000018756
    8.957395842   -0.000024915   -0.000018781
    9.001520944   -0.000037309   -0.000018941
    9.045646047   -0.000034868   -0.000019269
    9.089771150   -0.000019284   -0.000019685
    9.133896252   -0.000001893   -0.000020059
    9.178021355    0.000004545   -0.000020302
    9.222146458   -0.000004811   -0.000020436
    9.266271560   -0.000023273   -0.000020582
    9.310396663   -0.000037422   -0.000020871
    9.354521766   -0.000036888   -0.000021350
    9.398646868   -0.000021969   -0.000021949
    9.442771971   -0.000003515   -0.000022529
    9.486897074    0.000004940   -0.000022990
    9.531022176   -0.000002937   -0.000023347
    9.575147279   -0.000021566   -0.000023720
    9.619272382   -0.000037439   -0.000024253
    9.663397484   -0.000038947   -0.000025008
    9.707522587   -0.000024910   -0.000025924
    9.751647690   -0.000005533   -0.000026859
    9.795772792    0.000004964   -0.000027703
    9.839897895   -0.000001264   -0.000028459
    9.884022998   -0.000019883   -0.000029248
    9.928148100   -0.000037437   -0.000030230
    9.972273203   -0.000041127   -0.000031484
   10.016398306   -0.000028203   -0.000032960
   10.060523408   -0.000008074   -0.000034517
   10.104648511    0.000004468   -0.000036033
   10.148773614    0.000000043   -0.000037502
   10.192898716   -0.000018391   -0.000039049
   10.237023819   -0.000037583   -0.000040848
   10.281148922   -0.000043603   -0.000043002
   10.325274024   -0.000032049   -0.000045477
   10.369399127   -0.000011373   -0.000048133
   10.413524230    0.000003183   -0.000050839
   10.457649332    0.000000696   -0.000053583
   10.501774435   -0.000017386   -0.000056496
   10.545899538   -0.000038179   -0.000059771
   10.590024640   -0.000046689   -0.000063541
   10.634149743   -0.000036794   -0.000067792
   10.678274846   -0.000015822   -0.000072394
   10.722399948    0.000000670   -0.000077211
   10.766525051    0.000000219   -0.000082229
   10.810650154   -0.000017372   -0.000087589
   10.854775256   -0.000039755   -0.000093514
   10.898900359   -0.000050963   -0.000100175
   10.943025462   -0.000043080   -0.000107589
   10.987150564   -0.000022145   -0.000115645
   11.031275667   -0.000003879   -0.000124212
   11.075400770   -0.000002272   -0.000133282
   11.119525872   -0.000019295   -0.000143018
   11.163650975   -0.000043324   -0.000153685
   11.207776078   -0.000057512   -0.000165507
   11.251901180   -0.000052095   -0.000178551
   11.296026283   -0.000031642   -0.000192740
   11.340151386   -0.000011884   -0.000207965
   11.384276488   -0.000008307   -0.000224240
   11.428401591   -0.000024794   -0.000241769
   11.472526694   -0.000050638   -0.000260883
   11.516651796   -0.000068230   -0.000281886
   11.560776899   -0.000065904   -0.000304926
   11.604902002   -0.000046587   -0.000329989
   11.649027104   -0.000025839   -0.000357016
   11.693152207   -0.000020611   -0.000386075
   11.737277310   -0.000036826   -0.000417448
   11.781402412   -0.000064906   -0.000451572
   11.825527515   -0.000086611   -0.000488879
   11.869652618   -0.000088334   -0.000529646
   11.913777720   -0.000071168   -0.000573971
   11.957902823   -0.000050318   -0.000621902
   12.002027926   -0.000044147   -0.000673616
   12.046153028   -0.000060756   -0.000729531
   12.090278131   -0.000091919   -0.000790263
   12.134403234   -0.000118920   -0.000856453
   12.178528336   -0.000126180   -0.000928591
   12.222653439   -0.000112773   -0.001006985
   12.266778542   -0.000093344   -0.001091876
   12.310903644   -0.000087616   -0.001183654
   12.355028747   -0.000106010   -0.001282988
   12.399153850   -0.000141901   -0.001390799
   12.443278952   -0.000176275   -0.001508077
   12.487404055   -0.000191566   -0.001635684
   12.531529158   -0.000184634   -0.001774291
   12.575654260   -0.000169351   -0.001924508
   12.619779363   -0.000166729   -0.002087112
   12.663904466   -0.000189661   -0.002263228
   12.708029568   -0.000233392   -0.002454302
   12.752154671   -0.000278817   -0.002661922
   12.796279774   -0.000306379   -0.002887582
   12.840404876   -0.000310531   -0.003132603
   12.884529979   -0.000304139   -0.003398257
   12.928655082   -0.000309440   -0.003686035
   12.972780184   -0.000341966   -0.003997864
   13.016905287   -0.000399150   -0.004336115
   13.061030390   -0.000462049   -0.004703402
   13.105155492   -0.000509148   -0.005102328
   13.149280595   -0.000532306   -0.005535359
   13.193405698   -0.000543156   -0.006004961
   13.237530800   -0.000565097   -0.006513910
   13.281655903   -0.000616509   -0.007065558
   13.325781006   -0.000697382   -0.007663891
   13.369906108   -0.000789242   -0.008313310
   13.414031211   -0.000868677   -0.009018335
   13.458156314   -0.000924770   -0.009783443
   13.502281416   -0.000967681   -0.010613208
   13.546406519   -0.001021921   -0.011512667
   13.590531622   -0.001108970   -0.012487673
   13.634656724   -0.001231820   -0.013544995
   13.678781827   -0.001372860   -0.014692108
   13.722906930   -0.001506910   -0.015936830
   13.767032032   -0.001620130   -0.017287112
   13.811157135   -0.001721003   -0.018751182
   13.855282238   -0.001835168   -0.020337992
   13.899407340   -0.001987568   -0.022057687
   13.943532443   -0.002184800   -0.023921796
   13.987657546   -0.002410660   -0.025943004
   14.031782648   -0.002638444   -0.028134708
   14.075907751   -0.002851320   -0.030510727
   14.120032854   -0.003055949   -0.033085433
   14.164157956   -0.003279196   -0.035874324
   14.208283059   -0.003549977   -0.038894670
   14.252408162   -0.003879287   -0.042165836
   14.296533264   -0.004253069   -0.045709031
   14.340658367   -0.004643493   -0.049546719
   14.384783470   -0.005030772   -0.053702137
   14.428908572   -0.005419707   -0.058199411
   14.473033675   -0.005838673   -0.063064307
   14.517158778   -0.006321362   -0.068325216
   14.561283880   -0.006884336   -0.074013698
   14.605408983   -0.007516828   -0.080164162
   14.649534086   -0.008190640   -0.086812825
   14.693659188   -0.008883379   -0.093996701
   14.737784291   -0.009598268   -0.101753507
   14.781909394   -0.010365875   -0.110122923
   14.826034496   -0.011225999   -0.119148759
   14.870159599   -0.012202573   -0.128880807
   14.914284702   -0.013289896   -0.139374958
   14.958409804   -0.014460702   -0.150690741
   15.002534907   -0.015690786   -0.162886559
   15.046660010   -0.016982511   -0.176013951
   15.090785112   -0.018369893   -0.190112621
   15.134910215   -0.019900966   -0.205207592
   15.179035318   -0.021609810   -0.221308815
   15.223160420   -0.023498587   -0.238412519
   15.267285523   -0.025543231   -0.256503000
   15.311410626   -0.027719401   -0.275553679
   15.355535728   -0.030030276   -0.295526907
   15.399660831   -0.032515798   -0.316372772
   15.443785934   -0.035235961   -0.338027622
   15.487911036   -0.038239665   -0.360413039
   15.532036139   -0.041541712   -0.383435699
   15.576161242   -0.045125305   -0.406988154
   15.620286344   -0.048969271   -0.430950424
   15.664411447   -0.053080899   -0.455192247
   15.708536550   -0.057510466   -0.479575930
   15.752661652   -0.062336076   -0.503959768
   15.796786755   -0.067628950   -0.528201885
   15.840911858   -0.073424144   -0.552164191
   15.885036960   -0.079718755   -0.575716069
   15.929162063   -0.086500272   -0.598737451
   15.973287166   -0.093785639   -0.621121080
   16.017412268   -0.101642759   -0.642773889
   16.061537371   -0.110177876   -0.663617530
   16.105662474   -0.119496730   -0.683588092
   16.149787576   -0.129667141   -0.702635190
   16.193912679   -0.140711089   -0.720720747
   16.238037782   -0.152633953   -0.737818035
   16.282162884   -0.165471548   -0.753911494
   16.326287987   -0.179321326   -0.768997582
   16.370413090   -0.194333913   -0.783086286
   16.414538192   -0.210669114   -0.796202328
   16.458663295   -0.228447071   -0.808384873
   16.502788398   -0.247730873   -0.819684963
   16.546913500   -0.268556001   -0.830160798
   16.591038603   -0.290988408   -0.839872029
   16.635163706   -0.315170453   -0.848874803
   16.679288808   -0.341319802   -0.857218993
   16.723413911   -0.369678485   -0.864948137
   16.767539014   -0.400446009   -0.872101360
   16.811664116   -0.433745315   -0.878715808
   16.855789219   -0.469650608   -0.884828177
   16.899914322   -0.508263099   -0.890474679
   16.944039424   -0.549783562   -0.895689849
   16.988164527   -0.594526831   -0.900505199
   17.032289630   -0.642859264   -0.904948701
   17.076414732   -0.695094354   -0.909045392
   17.120539835   -0.751417837   -0.912818619
   17.164664938   -0.811904163   -0.916291083
   17.208790040   -0.876631885   -0.919485024
   17.252915143   -0.945837336   -0.922421573
   17.297040246   -1.020007022   -0.925119823
   17.341165348   -1.099827465   -0.927596377
   17.385290451   -1.185981016   -0.929865696
   17.429415554   -1.278859711   -0.931941029
   17.473540656   -1.378318993   -0.933835278
   17.517665759   -1.483579914   -0.935561248
   17.561790862   -1.593319108   -0.937131163
   17.605915964   -1.705898478   -0.938555889
   17.650041067   -1.819627835   -0.939844453
   17.694166170   -1.932951882   -0.941004243
   17.738291272   -2.044503179   -0.942041765
   17.782416375   -2.153033141   -0.942963420
   17.826541478   -2.257285340   -0.943775773
   17.870666580   -2.355886872   -0.944485170
   17.914791683   -2.447307402   -0.945097006
   17.958916786   -2.529894183   -0.945615210
   18.003041888   -2.601959715   -0.946042335
   18.047166991   -2.661889424   -0.946380202
   18.091292094   -2.708245671   -0.946630630
   18.135417196   -2.739858286   -0.946795731
   18.179542299   -2.755899302   -0.946877585
   18.223667402   -2.755938827   -0.946877515
   18.267792504   -2.739975774   -0.946795523
   18.311917607   -2.708437945   -0.946630293
   18.356042710   -2.662151438   -0.946379749
   18.400167812   -2.602284887   -0.946041775
   18.444292915   -2.530274809   -0.945614552
   18.488418018   -2.447735150   -0.945096261
   18.532543120   -2.356353323   -0.944484355
   18.576668223   -2.257782505   -0.943774911
   18.620793326   -2.153553797   -0.942962542
   18.664918428   -2.045040864   -0.942040905
   18.709043531   -1.933500494   -0.941003434
   18.753168634   -1.820180987   -0.939843728
   18.797293736   -1.706448939   -0.938555283
   18.841418839   -1.593858724   -0.937130718
   18.885543942   -1.484100220   -0.935561014
   18.929669044   -1.378812415   -0.933835317
   18.973794147   -1.279320897   -0.931941404
   19.017919250   -1.186407708   -0.929866473
   19.062044352   -1.100220487   -0.927597623
   19.106169455   -1.020369351   -0.925121607
   19.150294558   -0.946172663   -0.922423975
   19.194419660   -0.876943297   -0.919488137
   19.238544763   -0.812193477   -0.916295008
   19.282669866   -0.751685749   -0.912823469
   19.326794968   -0.695341142   -0.909051282
   19.370920071   -0.643085538   -0.904955749
   19.415045174   -0.594733887   -0.900513527
   19.459170276   -0.549973206   -0.895699592
   19.503295379   -0.508437131   -0.890485988
   19.547420482   -0.469810357   -0.884841222
   19.591545584   -0.433891510   -0.878730771
   19.635670687   -0.400579032   -0.872118427
   19.679795790   -0.369798795   -0.864967496
   19.723920892   -0.341428225   -0.857240837
   19.768045995   -0.315268158   -0.848899342
   19.812171098   -0.291076619   -0.839899500
   19.856296201   -0.268635658   -0.830191472
   19.900421303   -0.247802491   -0.819719139
   19.944546406   -0.228510865   -0.808422856
   19.988671509   -0.210725300   -0.796244402
   20.032796611   -0.194382954   -0.783132689
   20.076921714   -0.179363964   -0.769048482
   20.121046817   -0.165508614   -0.753966985
   20.165171919   -0.152666101   -0.737878142
   20.209297022   -0.140738650   -0.720785429
   20.253422125   -0.129690186   -0.702704351
   20.297547227   -0.119515295   -0.683661583
   20.341672330   -0.110192183   -0.663695140
   20.385797433   -0.101653270   -0.642855345
   20.429922535   -0.093792929   -0.621206038
   20.474047638   -0.086504807   -0.598825495
   20.518172741   -0.079720750   -0.575806707
   20.562297843   -0.073423588   -0.552256867
   20.606422946   -0.067625777   -0.528295981
   20.650548049   -0.062330360   -0.504054620
   20.694673151   -0.057502492   -0.479670848
   20.738798254   -0.053071078   -0.455286530
   20.782923357   -0.048957953   -0.431043382
   20.827048459   -0.045112639   -0.407079126
   20.871173562   -0.041527644   -0.383524069
   20.915298665   -0.038224075   -0.360498248
   20.959423767   -0.035218832   -0.338109177
   21.003548870   -0.032497302   -0.316450257
   21.047673973   -0.030010714   -0.295599977
   21.091799075   -0.027699049   -0.275622062
   21.135924178   -0.025522204   -0.256566490
   21.180049281   -0.023476816   -0.238470965
   21.224174383   -0.021587150   -0.221362122
   21.268299486   -0.019877349   -0.205255719
   21.312424589   -0.018345417   -0.190155590
   21.356549691   -0.016957407   -0.176051857
   21.400674794   -0.015665283   -0.162919573
   21.444799897   -0.014434901   -0.150719102
   21.488924999   -0.013263729   -0.139398952
   21.533050102   -0.012175891   -0.128900739
   21.577175205   -0.011198704   -0.119164927
   21.621300307   -0.010338016   -0.110135598
   21.665425410   -0.009570027   -0.101762927
   21.709550513   -0.008854952   -0.094003077
   21.753675615   -0.008162121   -0.086816353
   21.797800718   -0.007488159   -0.080165033
   21.841925821   -0.006855370   -0.074012100
   21.886050923   -0.006291986   -0.068321329
   21.930176026   -0.005808901   -0.063058301
   21.974301129   -0.005389681   -0.058191439
   22.018426231   -0.005000668   -0.053692337
   22.062551334   -0.004613405   -0.049535217
   22.106676437   -0.004222952   -0.045695949
   22.150801539   -0.003849004   -0.042151290
   22.194926642   -0.003519408   -0.038878774
   22.239051745   -0.003248331   -0.035857181
   22.283176847   -0.003024902   -0.033067138
   22.327301950   -0.002820250   -0.030491363
   22.371427053   -0.002607445   -0.028114351
   22.415552155   -0.002379702   -0.025921726
   22.459677258   -0.002153758   -0.023899668
   22.503802361   -0.001956319   -0.022034776
   22.547927463   -0.001803683   -0.020314359
   22.592052566   -0.001689371   -0.018726885
   22.636177669   -0.001588495   -0.017262198
   22.680302771   -0.001475368   -0.015911344
   22.724427874   -0.001341394   -0.014666091
   22.768552977   -0.001200317   -0.013518488
   22.812678079   -0.001077307   -0.012460715
   22.856803182   -0.000990055   -0.011485296
   22.900928285   -0.000935681   -0.010585456
   22.945053387   -0.000892767   -0.009755338
   22.989178490   -0.000836769   -0.008989902
   23.033303593   -0.000757426   -0.008284573
   23.077428695   -0.000665561   -0.007634872
   23.121553798   -0.000584563   -0.007036281
   23.165678901   -0.000532973   -0.006484396
   23.209804003   -0.000510907   -0.005975231
   23.253929106   -0.000500052   -0.005505428
   23.298054209   -0.000476990   -0.005072209
   23.342179311   -0.000429996   -0.004673108
   23.386304414   -0.000367119   -0.004305658
   23.430429517   -0.000309841   -0.003967260
   23.474554619   -0.000277159   -0.003655296
   23.518679722   -0.000271742   -0.003367394
   23.562804825   -0.000278124   -0.003101625
   23.606929927   -0.000274064   -0.002856496
   23.651055030   -0.000246615   -0.002630734
   23.695180133   -0.000201232   -0.002423021
   23.739305235   -0.000157432   -0.002231861
   23.783430338   -0.000134363   -0.002055668
   23.827555441   -0.000136872   -0.001892992
   23.871680543   -0.000152139   -0.001742710
   23.915805646   -0.000159154   -0.001604041
   23.959930749   -0.000143979   -0.001476375
   24.004055851   -0.000109661   -0.001359042
   24.048180954   -0.000073722   -0.001251180
   24.092306057   -0.000055206   -0.001151801
   24.136431159   -0.000060824   -0.001059983
   24.180556262   -0.000080229   -0.000975054
   24.224681365   -0.000093712   -0.000896624
   24.268806467   -0.000086566   -0.000824450
   24.312931570   -0.000059632   -0.000758227
   24.357056673   -0.000028438   -0.000697465
   24.401181775   -0.000011721   -0.000641523
   24.445306878   -0.000017785   -0.000589786
   24.489431981   -0.000038603   -0.000541833
   24.533557083   -0.000055833   -0.000497486
   24.577682186   -0.000054221   -0.000456698
   24.621807289   -0.000032591   -0.000419371
   24.665932391   -0.000004496   -0.000385229
   24.710057494    0.000011815   -0.000353840
   24.754182597    0.000006692   -0.000324766
   24.798307699   -0.000014015   -0.000297726
   24.842432802   -0.000033385   -0.000272651
   24.886557905   -0.000035816   -0.000249597
   24.930683007   -0.000018305   -0.000228581
   24.974808110    0.000007542   -0.000209455
   25.018933213    0.000024112   -0.000191916
   25.063058315    0.000020639   -0.000175633
   25.107183418    0.000000929   -0.000160401
   25.151308521   -0.000019565   -0.000146204
   25.195433623   -0.000025082   -0.000133150
   25.239558726   -0.000010978   -0.000121321
   25.283683829    0.000013042   -0.000110646
   25.327808931    0.000030138   -0.000100904
   25.371934034    0.000028631   -0.000091829
   25.416059137    0.000010421   -0.000083257
   25.460184239   -0.000010545   -0.000075197
   25.504309342   -0.000018520   -0.000067776
   25.548434445   -0.000007399   -0.000061111
   25.592559547    0.000014966   -0.000055180
   25.636684650    0.000032619   -0.000049817
   25.680809753    0.000033167   -0.000044796
   25.724934855    0.000016737   -0.000039977
   25.769059958   -0.000004254   -0.000035373
   25.813185061   -0.000014234   -0.000031118
   25.857310163   -0.000005811   -0.000027345
   25.901435266    0.000014954   -0.000024067
   25.945560369    0.000033088   -0.000021152
   25.989685471    0.000035668   -0.000018407
   26.033810574    0.000021178   -0.000015700
   26.077935677    0.000000494   -0.000013043
   26.122060779   -0.000011137   -0.000010566
   26.166185882   -0.000005205   -0.000008410
   26.210310985    0.000013951   -0.000006609
   26.254436087    0.000032428   -0.000005060
   26.298561190    0.000036942   -0.000003591
   26.342686293    0.000024469   -0.000002076
   26.386811395    0.000004342   -0.000000518
   26.430936498   -0.000008651    0.000000959
   26.475061601   -0.000005048    0.000002215
   26.519186703    0.000012463    0.000003198
   26.563311806    0.000031114    0.000003988
   26.607436909    0.000037426    0.000004744
   26.651562011    0.000027002    0.000005587
   26.695687114    0.000007635    0.000006522
   26.739812217   -0.000006462    0.000007438
   26.783937319   -0.000005039    0.000008194
   26.828062422    0.000010785    0.000008728
   26.872187525    0.000029436    0.000009102
   26.916312627    0.000037391    0.000009458
   26.960437730    0.000029012    0.000009919
   27.004562833    0.000010575    0.000010499
   27.048687935   -0.000004394    0.000011097
   27.092813038   -0.000005012    0.000011577
   27.136938141    0.000009083    0.000011867
   27.181063243    0.000027559    0.000012014
   27.225188346    0.000036986    0.000012148
   27.269313449    0.000030624    0.000012389
   27.313438551    0.000013260    0.000012763
   27.357563654   -0.000002367    0.000013179
   27.401688757   -0.000004888    0.000013508
   27.445813859    0.000007447    0.000013668
   27.489938962    0.000025577    0.000013694
   27.534064065    0.000036302    0.000013705
   27.578189167    0.000031912    0.000013819
   27.622314270    0.000015742    0.000014070
   27.666439373   -0.000000338    0.000014381
   27.710564475   -0.000004621    0.000014626
   27.754689578    0.000005934    0.000014721
   27.798814681    0.000023558    0.000014685
   27.842939783    0.000035404    0.000014628
   27.887064886    0.000032924    0.000014666
   27.931189989    0.000018051    0.000014841
   27.975315091    0.000001708    0.000015089
   28.019440194   -0.000004194    0.000015289
   28.063565297    0.000004573    0.000015353
   28.107690399    0.000021541    0.000015288
   28.151815502    0.000034329    0.000015194
   28.195940605    0.000033685    0.000015185
   28.240065707    0.000020191    0.000015311
   28.284190810    0.000003765    0.000015519
   28.328315913   -0.000003617    0.000015696
   28.372441015    0.000003356    0.000015748
   28.416566118    0.000019520    0.000015673
   28.460691221    0.000033061    0.000015560
   28.504816323    0.000034158    0.000015522
   28.548941426    0.000022107    0.000015614
   28.593066529    0.000005771    0.000015796
   28.637191631   -0.000002934    0.000015960
   28.681316734    0.000002277    0.000016010
   28.725441837    0.000017523    0.000015936
   28.769566939    0.000031655    0.000015815
   28.813692042    0.000034407    0.000015758
   28.857817145    0.000023861    0.000015826
   28.901942247    0.000007782    0.000015989
   28.946067350   -0.000002092    0.000016147
   28.990192453    0.000001386    0.000016202
   29.034317555    0.000015604    0.000016135
   29.078442658    0.000030155    0.000016013
   29.122567761    0.000034458    0.000015944
   29.166692863    0.000025454    0.000015994
   29.210817966    0.000009785    0.000016143
   29.254943069   -0.000001103    0.000016298
   29.299068171    0.000000687    0.000016363
   29.343193274    0.000013779    0.000016307
   29.387318377    0.000028582    0.000016189
   29.431443479    0.000034323    0.000016113
   29.475568582    0.000026885    0.000016150
   29.519693685    0.000011768    0.000016290
   29.563818787    0.000000022    0.000016446
   29.607943890    0.000000180    0.000016523
   29.652068993    0.000012060    0.000016482
   29.696194095    0.000026954    0.000016374
   29.740319198    0.000034013    0.000016296
   29.784444301    0.000028152    0.000016326
   29.828569403    0.000013718    0.000016460
   29.872694506    0.000001271    0.000016622
   29.916819609   -0.000000137    0.000016715
   29.960944711    0.000010462    0.000016695
   30.005069814    0.000025292    0.000016603
   30.049194917    0.000033544    0.000016531
   30.093320019    0.000029255    0.000016560
   30.137445122    0.000015625    0.000016696
   30.181570225    0.000002633    0.000016870
   30.225695327   -0.000000263    0.000016987
   30.269820430    0.000008998    0.000016996
   30.313945533    0.000023615    0.000016929
   30.358070635    0.000032929    0.000016875
   30.402195738    0.000030197    0.000016915
   30.446320841    0.000017480    0.000017064
   30.490445943    0.000004097    0.000017261
   30.534571046   -0.000000198    0.000017414
   30.578696149    0.000007682    0.000017467
   30.622821251    0.000021948    0.000017442
   30.666946354    0.000032191    0.000017423
   30.711071457    0.000030987    0.000017493
   30.755196559    0.000019282    0.000017676
   30.799321662    0.000005662    0.000017919
   30.843446765    0.000000064    0.000018131
   30.887571867    0.000006536    0.000018254
   30.931696970    0.000020319    0.000018300
   30.975822073    0.000031357    0.000018348
   31.019947175    0.000031642    0.000018483
   31.064072278    0.000021035    0.000018736
   31.108197381    0.000007328    0.000019063
   31.152322483    0.000000533    0.000019377
   31.196447586    0.000005584    0.000019614
   31.240572689    0.000018765    0.000019782
   31.284697791    0.000030462    0.000019953
   31.328822894    0.000032188    0.000020213
   31.372947997    0.000022757    0.000020601
   31.417073099    0.000009113    0.000021081
   31.461198202    0.000001240    0.000021572
   31.505323305    0.000004873    0.000022008
   31.549448407    0.000017346    0.000022388
   31.593573510    0.000029571    0.000022780
   31.637698613    0.000032683    0.000023273
   31.681823715    0.000024496    0.000023911
   31.725948818    0.000011065    0.000024670
   31.770073921    0.000002240    0.000025474
   31.814199023    0.000004475    0.000026255
   31.858324126    0.000016149    0.000027009
   31.902449229    0.000028775    0.000027799
   31.946574331    0.000033215    0.000028715
   31.990699434    0.000026336    0.000029811
   32.034824537    0.000013268    0.000031072
   32.078949639    0.000003632    0.000032432
   32.123074742    0.000004514    0.000033824
   32.167199845    0.000015319    0.000035241
   32.211324947    0.000028235    0.000036743
   32.255450050    0.000033950    0.000038423
   32.299575153    0.000028447    0.000040348
   32.343700255    0.000015904    0.000042514
   32.387825358    0.000005620    0.000044867
   32.431950461    0.000005223    0.000047345
   32.476075563    0.000015122    0.000049941
   32.520200666    0.000028237    0.000052716
   32.564325769    0.000035187    0.000055772
   32.608450871    0.000031135    0.000059186
   32.652575974    0.000019293    0.000062975
   32.696701077    0.000008552    0.000067098
   32.740826179    0.000006990    0.000071507
   32.784951282    0.000015987    0.000076201
   32.829076385    0.000029252    0.000081249
   32.873201487    0.000037431    0.000086763
   32.917326590    0.000034941    0.000092843
   32.961451693    0.000024021    0.000099532
   33.005576796    0.000013076    0.000106813
   33.049701898    0.000010536    0.000114660
   33.093827001    0.000018717    0.000123089
   33.137952104    0.000032158    0.000132187
   33.182077206    0.000041632    0.000142090
   33.226202309    0.000040885    0.000152932
   33.270327412    0.000031185    0.000164794
   33.314452514    0.000020380    0.000177700
   33.358577617    0.000017157    0.000191661
   33.402702720    0.000024722    0.000206729
   33.446827822    0.000038484    0.000223029
   33.490952925    0.000049434    0.000240741
   33.535078028    0.000050732    0.000260054
   33.579203130    0.000042692    0.000281111
   33.623328233    0.000032535    0.000304007
   33.667453336    0.000029119    0.000328820
   33.711578438    0.000036486    0.000355668
   33.755703541    0.000050945    0.000384748
   33.799828644    0.000063799    0.000416322
   33.843953746    0.000067709    0.000450673
   33.888078849    0.000062053    0.000488053
   33.932203952    0.000053374    0.000528668
   33.976329054    0.000050605    0.000572717
   34.020454157    0.000058570    0.000620441
   34.064579260    0.000074502    0.000672167
   34.108704362    0.000090102    0.000728304
   34.152829465    0.000097625    0.000789297
   34.196954568    0.000095551    0.000855579
   34.241079670    0.000089697    0.000927558
   34.285204773    0.000088990    0.001005637
   34.329329876    0.000098982    0.001090281
   34.373454978    0.000117849    0.001182054
   34.417580081    0.000137781    0.001281624
   34.461705184    0.000150731    0.001389724
   34.505830286    0.000154328    0.001507105
   34.549955389    0.000153635    0.001634516
   34.594080492    0.000157496    0.001772732
   34.638205594    0.000172135    0.001922607
   34.682330697    0.000196688    0.002085126
   34.726455800    0.000223924    0.002261417
   34.770580902    0.000245600    0.002452712
   34.814706005    0.000258555    0.002660311
   34.858831108    0.000267084    0.002885554
   34.902956210    0.000279884    0.003129849
   34.947081313    0.000303802    0.003394731
   34.991206416    0.000338961    0.003681915
   35.035331518    0.000378804    0.003993315
   35.079456621    0.000415027    0.004331019
   35.123581724    0.000443769    0.004697251
   35.167706826    0.000468578    0.005094344
   35.211831929    0.000497971    0.005524771
   35.255957032    0.000539394    0.005991197
   35.300082134    0.000593998    0.006496545
   35.344207237    0.000656028    0.007044013
   35.388332340    0.000717267    0.007637065
   35.432457442    0.000773282    0.008279385
   35.476582545    0.000826924    0.008974857
   35.520707648    0.000886526    0.009727580
   35.564832750    0.000960135    0.010541928
   35.608957853    0.001049994    0.011422603
   35.653082956    0.001151296    0.012374664
   35.697208058    0.001256108    0.013403507
   35.741333161    0.001359607    0.014514820
   35.785458264    0.001464064    0.015714548
   35.829583366    0.001577699    0.017008895
   35.873708469    0.001709237    0.018404362
   35.917833572    0.001862162    0.019907791
   35.961958674    0.002032850    0.021526377
   36.006083777    0.002213956    0.023267628
   36.050208880    0.002400555    0.025139303
   36.094333982    0.002594585    0.027149340
   36.138459085    0.002804341    0.029305827
   36.182584188    0.003039418    0.031617004
   36.226709290    0.003304795    0.034091271
   36.270834393    0.003598389    0.036737162
   36.314959496    0.003913859    0.039563285
   36.359084598    0.004246617    0.042578205
   36.403209701    0.004598663    0.045790346
   36.447334804    0.004978732    0.049207911
   36.491459906    0.005397668    0.052838844
   36.535585009    0.005862416    0.056690803
   36.579710112    0.006373027    0.060771111
   36.623835214    0.006924872    0.065086657
   36.667960317    0.007514455    0.069643764
   36.712085420    0.008144600    0.074448057
   36.756210522    0.008825239    0.079504364
   36.800335625    0.009569265    0.084816652
   36.844460728    0.010386492    0.090387991
   36.888585830    0.011280151    0.096220494
   36.932710933    0.012248502    0.102315223
   36.976836036    0.013290397    0.108672055
   37.020961138    0.014410754    0.115289552
   37.065086241    0.015621986    0.122164870
   37.109211344    0.016940368    0.129293714
   37.153336446    0.018380040    0.136670340
   37.197461549    0.019949051    0.144287555
   37.241586652    0.021650359    0.152136700
   37.285711754    0.023487100    0.160207606
   37.329836857    0.025468309    0.168488560
   37.373961960    0.027610958    0.176966314
   37.418087062    0.029936890    0.185626138
   37.462212165    0.032466912    0.194451921
   37.506337268    0.035216427    0.203426271
   37.550462370    0.038195804    0.212530602
   37.594587473    0.041415283    0.221745197
   37.638712576    0.044890837    0.231049296
   37.682837678    0.048646775    0.240421227
   37.726962781    0.052713206    0.249838603
   37.771087884    0.057120243    0.259278581
   37.815212986    0.061893206    0.268718127
   37.859338089    0.067052315    0.278134258
   37.903463192    0.072617097    0.287504241
   37.947588294    0.078612276    0.296805776
   37.991713397    0.085070813    0.306017173
   38.035838500    0.092031852    0.315117545
   38.079963602    0.099535001    0.324087017
   38.124088705    0.107615051    0.332906895
   38.168213808    0.116300890    0.341559777
   38.212338910    0.125619252    0.350029614
   38.256464013    0.135600428    0.358301719
   38.300589116    0.146281566    0.366362789
   38.344714218    0.157704951    0.374200947
   38.388839321    0.169912252    0.381805809
   38.432964424    0.182938660    0.389168541
   38.477089526    0.196810863    0.396281876
   38.521214629    0.211549965    0.403140065
   38.565339732    0.227176842    0.409738801
   38.609464834    0.243715598    0.416075127
   38.653589937    0.261192153    0.422147377
   38.697715040    0.279628565    0.427955139
   38.741840142    0.299036735    0.433499207
   38.785965245    0.319415649    0.438781520
   38.830090348    0.340753704    0.443805044
   38.874215450    0.363033978    0.448573636
   38.918340553    0.386238180    0.453091914
   38.962465656    0.410346003    0.457365169
   39.006590758    0.435329994    0.461399304
   39.050715861    0.461149325    0.465200797
   39.094840964    0.487746750    0.468776634
   39.138966066    0.515050683    0.472134201
   39.183091169    0.542980715    0.475281160
   39.227216272    0.571452369    0.478225329
   39.271341374    0.600377548    0.480974597
   39.315466477    0.629660258    0.483536891
   39.359591580    0.659190714    0.485920154
   39.403716682    0.688842146    0.488132309
   39.447841785    0.718472738    0.490181191
   39.491966888    0.747931551    0.492074449
   39.536091990    0.777064524    0.493819461
   39.580217093    0.805716850    0.495423278
   39.624342196    0.833730860    0.496892626
   39.668467298    0.860942043    0.498233916
   39.712592401    0.887177294    0.499453256
   39.756717504    0.912257913    0.500556413
   39.800842606    0.936006404    0.501548759
   39.844967709    0.958253279    0.502435212
   39.889092812    0.978840042    0.503220210
   39.933217914    0.997617289    0.503907730
   39.977343017    1.014440527    0.504501329
   40.021468120    1.029168098    0.505004170
   40.065593222    1.041664270    0.505419019
   40.109718325    1.051807017    0.505748200
   40.153843428    1.059496722    0.505993548
   40.197968530    1.064661469    0.506156392
   40.242093633    1.067256955    0.506237577
   40.286218736    1.067262738    0.506237505
   40.330343838    1.064678770    0.506156178
   40.374468941    1.059525385    0.505993194
   40.418594044    1.051846761    0.505747712
   40.462719146    1.041714674    0.505418406
   40.506844249    1.029228615    0.505003443
   40.550969352    1.014510527    0.504500500
   40.595094454    0.997696101    0.503906815
   40.639219557    0.978926986    0.503219226
   40.683344660    0.958347668    0.502434179
   40.727469762    0.936107522    0.501547699
   40.771594865    0.912364998    0.500555350
   40.815719968    0.887289537    0.499452217
   40.859845070    0.861058614    0.498232930
   40.903970173    0.833850942    0.496891723
   40.948095276    0.805839668    0.495422492
   40.992220378    0.777189343    0.493818825
   41.036345481    0.748057655    0.492074000
   41.080470584    0.718599414    0.490180965
   41.124595686    0.688968681    0.488132347
   41.168720789    0.659316418    0.485920495
   41.212845892    0.629784496    0.483537577
   41.256970994    0.600499765    0.480975670
   41.301096097    0.571572086    0.478226832
   41.345221200    0.543097502    0.475283134
   41.389346302    0.515164134    0.472136688
   41.433471405    0.487856467    0.468779675
   41.477596508    0.461254942    0.465204434
   41.521721610    0.435431199    0.461403574
   41.565846713    0.410442568    0.457370110
   41.609971816    0.386329952    0.453097561
   41.654096918    0.363120860    0.448580019
   41.698222021    0.340835617    0.443812192
   41.742347124    0.319492517    0.438789458
   41.786472226    0.299108499    0.433507956
   41.830597329    0.279695205    0.427964716
   41.874722432    0.261253711    0.422157794
   41.918847534    0.243772177    0.416086389
   41.962972637    0.227228583    0.409750909
   42.007097740    0.211597007    0.403153013
   42.051222842    0.196853331    0.396295653
   42.095347945    0.182976664    0.389183128
   42.139473048    0.169945916    0.381821181
   42.183598150    0.157734439    0.374217073
   42.227723253    0.146307082    0.366379629
   42.271848356    0.135622194    0.358319227
   42.315973458    0.125637477    0.350047736
   42.360098561    0.116315748    0.341578454
   42.404223664    0.107626687    0.332926061
   42.448348766    0.099543555    0.324106601
   42.492473869    0.092037490    0.315137466
   42.536598972    0.085073729    0.306037347
   42.580724074    0.078612678    0.296826114
   42.624849177    0.072615177    0.287524648
   42.668974280    0.067048223    0.278154635
   42.713099382    0.061887054    0.268738375
   42.757224485    0.057112130    0.259298596
   42.801349588    0.052703250    0.249858283
   42.845474690    0.048635122    0.240440469
   42.889599793    0.044877646    0.231068000
   42.933724896    0.041400699    0.221763264
   42.977849998    0.038179932    0.212547938
   43.021975101    0.035199330    0.203442788
   43.066100204    0.032448641    0.194467533
   43.110225306    0.029917508    0.185640767
   43.154350409    0.027590561    0.176979888
   43.198475512    0.025447010    0.168501012
   43.242600614    0.023465004    0.160218877
   43.286725717    0.021627532    0.152146738
   43.330850820    0.019925524    0.144296314
   43.374975922    0.018355825    0.136677781
   43.419101025    0.016915491    0.129299807
   43.463226128    0.015596506    0.122169589
   43.507351230    0.014384755    0.115292880
   43.551476333    0.013263957    0.108673980
   43.595601436    0.012221667    0.102315740
   43.639726538    0.011252929    0.096219605
   43.683851641    0.010358872    0.090385703
   43.727976744    0.009541249    0.084812979
   43.772101846    0.008796860    0.079499322
   43.816226949    0.008115920    0.074441669
   43.860352052    0.007485538    0.069636054
   43.904477154    0.006895752    0.065077656
   43.948602257    0.006343699    0.060760853
   43.992727360    0.005832855    0.056679324
   44.036852462    0.005367859    0.052826182
   44.080977565    0.004948693    0.049194108
