    0.000000000    0.008824071    0.091345513
    0.044125103    0.008852146    0.091551013
    0.088250205    0.008938451    0.092167275
    0.132375308    0.009087870    0.093193535
    0.176500411    0.009304992    0.094628546
    0.220625513    0.009591539    0.096470590
    0.264750616    0.009946170    0.098717450
    0.308875719    0.010366822    0.101366349
    0.353000821    0.010853897    0.104413869
    0.397125924    0.011411998    0.107855884
    0.441251027    0.012048966    0.111687519
    0.485376129    0.012772932    0.115903127
    0.529501232    0.013589532    0.120496251
    0.573626335    0.014501326    0.125459567
    0.617751437    0.015509864    0.130784788
    0.661876540    0.016618916    0.136462559
    0.706001643    0.017836561    0.142482374
    0.750126745    0.019174638    0.148832535
    0.794251848    0.020645985    0.155500154
    0.838376951    0.022261501    0.162471166
    0.882502053    0.024029193    0.169730335
    0.926627156    0.025955938    0.177261237
    0.970752259    0.028050720    0.185046241
    1.014877361    0.030327040    0.193066509
    1.059002464    0.032802790    0.201302037
    1.103127567    0.035497724    0.209731743
    1.147252669    0.038430393    0.218333568
    1.191377772    0.041616807    0.227084589
    1.235502875    0.045071842    0.235961117
    1.279627977    0.048812388    0.244938805
    1.323753080    0.052860013    0.253992790
    1.367878183    0.057241202    0.263097890
    1.412003285    0.061985037    0.272228844
    1.456128388    0.067119990    0.281360577
    1.500253491    0.072672147    0.290468441
    1.544378593    0.078666153    0.299528417
    1.588503696    0.085128158    0.308517280
    1.632628799    0.092088587    0.317412736
    1.676753901    0.099582670    0.326193569
    1.720879004    0.107648260    0.334839786
    1.765004107    0.116322413    0.343332755
    1.809129209    0.125639085    0.351655302
    1.853254312    0.135629458    0.359791755
    1.897379415    0.146324481    0.367727957
    1.941504517    0.157757567    0.375451260
    1.985629620    0.169965231    0.382950533
    2.029754723    0.182984921    0.390216197
    2.073879825    0.196851282    0.397240253
    2.118004928    0.211593204    0.404016288
    2.162130031    0.227233409    0.410539433
    2.206255133    0.243790475    0.416806272
    2.250380236    0.261281380    0.422814737
    2.294505339    0.279722283    0.428564012
    2.338630441    0.299126495    0.434054464
    2.382755544    0.319500660    0.439287588
    2.426880647    0.340841446    0.444265945
    2.471005749    0.363134722    0.448993066
    2.515130852    0.386357402    0.453473332
    2.559255955    0.410480237    0.457711834
    2.603381057    0.435469153    0.461714273
    2.647506160    0.461283832    0.465486876
    2.691631263    0.487874268    0.469036348
    2.735756365    0.515177533    0.472369812
    2.779881468    0.543116928    0.475494735
    2.824006571    0.571603972    0.478418812
    2.868131673    0.600541713    0.481149856
    2.912256776    0.629826881    0.483695697
    2.956381879    0.659349286    0.486064133
    3.000506981    0.688988918    0.488262897
    3.044632084    0.718612953    0.490299639
    3.088757187    0.748075089    0.492181880
    3.132882289    0.777218136    0.493916940
    3.177007392    0.805878645    0.495511857
    3.221132495    0.833891099    0.496973326
    3.265257597    0.861089671    0.498307673
    3.309382700    0.887307470    0.499520865
    3.353507803    0.912375041    0.500618529
    3.397632905    0.936120428    0.501605943
    3.441758008    0.958371937    0.502488001
    3.485883111    0.978962721    0.503269162
    3.530008213    0.997734994    0.503953413
    3.574133316    1.014542002    0.504544262
    3.618258419    1.029247655    0.505044768
    3.662383521    1.041725616    0.505457578
    3.706508624    1.051860270    0.505784940
    3.750633727    1.059550789    0.506028685
    3.794758829    1.064717340    0.506190186
    3.838883932    1.067306838    0.506270322
    3.883009035    1.067295689    0.506269475
    3.927134137    1.064688734    0.506187565
    3.971259240    1.059515774    0.506024086
    4.015384343    1.051828203    0.505778131
    4.059509445    1.041697551    0.505448378
    4.103634548    1.029215806    0.505033048
    4.147759651    1.014495663    0.504529876
    4.191884753    0.997668607    0.503936096
    4.236009856    0.978880253    0.503248481
    4.280134959    0.958284366    0.502463381
    4.324260061    0.936038167    0.501576758
    4.368385164    0.912300772    0.500584183
    4.412510267    0.887234596    0.499480805
    4.456635369    0.861007495    0.498261322
    4.500760472    0.833792995    0.496919981
    4.544885575    0.805767286    0.495450625
    4.589010677    0.777103998    0.493846756
    4.633135780    0.747969303    0.492101586
    4.677260883    0.718519676    0.490208072
    4.721385985    0.688902754    0.488158907
    4.765511088    0.659259630    0.485946519
    4.809636191    0.629726031    0.483563105
    4.853761293    0.600430878    0.481000700
    4.897886396    0.571492804    0.478251275
    4.942011499    0.543016917    0.475306841
    4.986136601    0.515094031    0.472159510
    5.030261704    0.487802932    0.468801535
    5.074386807    0.461214062    0.465225339
    5.118511909    0.435392038    0.461423575
    5.162637012    0.410395261    0.457389223
    5.206762115    0.386273029    0.453115723
    5.250887217    0.363062437    0.448597100
    5.295012320    0.340787556    0.443828062
    5.339137423    0.319461795    0.438804055
    5.383262525    0.299092082    0.433521313
    5.427387628    0.279682206    0.427976917
    5.471512731    0.261233281    0.422168902
    5.515637833    0.243741390    0.416096388
    5.559762936    0.227194551    0.409759713
    5.603888039    0.211571644    0.403160530
    5.648013141    0.196844570    0.396301857
    5.692138244    0.182982531    0.389188091
    5.736263347    0.169955815    0.381825036
    5.780388449    0.157736748    0.374219938
    5.824513552    0.146297535    0.366381546
    5.868638655    0.135606924    0.358320160
    5.912763757    0.125628463    0.350047635
    5.956888860    0.116321965    0.341577328
    6.001013963    0.107647407    0.332924018
    6.045139065    0.099568717    0.324103816
    6.089264168    0.092054904    0.315134106
    6.133389271    0.085077882    0.306033501
    6.177514373    0.078608706    0.296821788
    6.221639476    0.072615070    0.287519818
    6.265764579    0.067062001    0.278149332
    6.309889681    0.061915339    0.268732723
    6.354014784    0.057145559    0.259292792
    6.398139887    0.052729198    0.249852516
    6.442264989    0.048646856    0.240434848
    6.486390092    0.044879222    0.231062538
    6.530515195    0.041403998    0.221757930
    6.574640297    0.038195955    0.212542740
    6.618765400    0.035230094    0.203437825
    6.662890503    0.032485604    0.194462978
    6.707015606    0.029947720    0.185636788
    6.751140708    0.027606081    0.176976572
    6.795265811    0.025450717    0.168498343
    6.839390914    0.023468526    0.160216783
    6.883516016    0.021642764    0.152145177
    6.927641119    0.019955897    0.144295336
    6.971766222    0.018393728    0.136677516
    7.015891324    0.016947755    0.129300388
    7.060016427    0.015613997    0.122171077
    7.104141530    0.014389072    0.115295223
    7.148266632    0.013266320    0.108677064
    7.192391735    0.012234753    0.102319476
    7.236516838    0.011281593    0.096223994
    7.280641940    0.010396537    0.090390836
    7.324767043    0.009574640    0.084818962
    7.368892146    0.008815679    0.079506194
    7.413017248    0.008120399    0.074449356
    7.457142351    0.007486336    0.069644413
    7.501267454    0.006906218    0.065086561
    7.545392556    0.006370118    0.060770271
    7.589517659    0.005869793    0.056689321
    7.633642762    0.005402067    0.052836854
    7.677767864    0.004968755    0.049205488
    7.721892967    0.004573150    0.045787454
    7.766018070    0.004215575    0.042574730
    7.810143172    0.003891225    0.039559126
    7.854268275    0.003591859    0.036732313
    7.898393378    0.003310158    0.034085832
    7.942518480    0.003043563    0.031611120
    7.986643583    0.002794805    0.029299586
    8.030768686    0.002568693    0.027142718
    8.074893788    0.002367458    0.025132187
    8.119018891    0.002188020    0.023259908
    8.163143994    0.002023178    0.021518034
    8.207269096    0.001865893    0.019898920
    8.251394199    0.001713561    0.018395112
    8.295519302    0.001569165    0.016999366
    8.339644404    0.001438436    0.015704724
    8.383769507    0.001325037    0.014504588
    8.427894610    0.001227266    0.013392742
    8.472019712    0.001138674    0.012363332
    8.516144815    0.001052194    0.011410788
    8.560269918    0.000964805    0.010529781
    8.604395020    0.000879326    0.009715209
    8.648520123    0.000802019    0.008962252
    8.692645226    0.000737683    0.008266428
    8.736770328    0.000685801    0.007623617
    8.780895431    0.000640541    0.007030018
    8.825020534    0.000594648    0.006482073
    8.869145636    0.000544449    0.005976396
    8.913270739    0.000492305    0.005509753
    8.957395842    0.000444730    0.005079106
    9.001520944    0.000407471    0.004681666
    9.045646047    0.000381115    0.004314930
    9.089771150    0.000360425    0.003976640
    9.133896252    0.000337923    0.003664706
    9.178021355    0.000309158    0.003377127
    9.222146458    0.000275841    0.003111965
    9.266271560    0.000244537    0.002867386
    9.310396663    0.000221817    0.002641723
    9.354521766    0.000209358    0.002433521
    9.398646868    0.000202564    0.002241509
    9.442771971    0.000193749    0.002064526
    9.486897074    0.000177619    0.001901438
    9.531022176    0.000155074    0.001751105
    9.575147279    0.000132555    0.001612420
    9.619272382    0.000117347    0.001484385
    9.663397484    0.000112215    0.001366162
    9.707522587    0.000113276    0.001257064
    9.751647690    0.000112698    0.001156480
    9.795772792    0.000104307    0.001063789
    9.839897895    0.000088066    0.000978319
    9.884022998    0.000070134    0.000899382
    9.928148100    0.000058414    0.000826359
    9.972273203    0.000056778    0.000758761
   10.016398306    0.000062161    0.000696233
   10.060523408    0.000066673    0.000638484
   10.104648511    0.000063268    0.000585189
   10.148773614    0.000050863    0.000535945
   10.192898716    0.000035184    0.000490301
   10.237023819    0.000024656    0.000447840
   10.281148922    0.000024278    0.000408262
   10.325274024    0.000031909    0.000371394
   10.369399127    0.000039719    0.000337122
   10.413524230    0.000039804    0.000305296
   10.457649332    0.000029940    0.000275665
   10.501774435    0.000015264    0.000247903
   10.545899538    0.000004617    0.000221695
   10.590024640    0.000004135    0.000196833
   10.634149743    0.000012721    0.000173235
   10.678274846    0.000022733    0.000150887
   10.722399948    0.000025454    0.000129738
   10.766525051    0.000017430    0.000109619
   10.810650154    0.000003054    0.000090266
   10.854775256   -0.000008534    0.000071403
   10.898900359   -0.000010052    0.000052850
   10.943025462   -0.000001432    0.000034563
   10.987150564    0.000010021    0.000016573
   11.031275667    0.000014837   -0.000001123
   11.075400770    0.000008256   -0.000018652
   11.119525872   -0.000006235   -0.000036266
   11.163650975   -0.000019328   -0.000054245
   11.207776078   -0.000022606   -0.000072786
   11.251901180   -0.000014709   -0.000091943
   11.296026283   -0.000002445   -0.000111677
   11.340151386    0.000004040   -0.000131982
   11.384276488   -0.000001389   -0.000152984
   11.428401591   -0.000016322   -0.000174955
   11.472526694   -0.000031436   -0.000198227
   11.516651796   -0.000037196   -0.000223054
   11.560776899   -0.000030831   -0.000249545
   11.604902002   -0.000018476   -0.000277699
   11.649027104   -0.000010854   -0.000307541
   11.693152207   -0.000015535   -0.000339236
   11.737277310   -0.000031365   -0.000373128
   11.781402412   -0.000049173   -0.000409647
   11.825527515   -0.000058349   -0.000449165
   11.869652618   -0.000054584   -0.000491902
   11.913777720   -0.000043149   -0.000537956
   11.957902823   -0.000035229   -0.000587440
   12.002027926   -0.000039878   -0.000640623
   12.046153028   -0.000057386   -0.000697985
   12.090278131   -0.000078930   -0.000760135
   12.134403234   -0.000092882   -0.000827647
   12.178528336   -0.000093285   -0.000900945
   12.222653439   -0.000084338   -0.000980321
   12.266778542   -0.000077557   -0.001066073
   12.310903644   -0.000083523   -0.001158679
   12.355028747   -0.000104176   -0.001258872
   12.399153850   -0.000131265   -0.001367569
   12.443278952   -0.000152235   -0.001485692
   12.487404055   -0.000159368   -0.001614029
   12.531529158   -0.000155578   -0.001753224
   12.575654260   -0.000152550   -0.001903933
   12.619779363   -0.000162433   -0.002067024
   12.663904466   -0.000189030   -0.002243686
   12.708029568   -0.000224923   -0.002435369
   12.752154671   -0.000256743   -0.002643592
   12.796279774   -0.000274915   -0.002869771
   12.840404876   -0.000280835   -0.003115189
   12.884529979   -0.000286185   -0.003381158
   12.928655082   -0.000304712   -0.003669255
   12.972780184   -0.000342336   -0.003981481
   13.016905287   -0.000392775   -0.004320213
   13.061030390   -0.000442021   -0.004688003
   13.105155492   -0.000478570   -0.005087366
   13.149280595   -0.000502072   -0.005520726
   13.193405698   -0.000524020   -0.005990579
   13.237530800   -0.000559806   -0.006499786
   13.281655903   -0.000617754   -0.007051779
   13.325781006   -0.000693096   -0.007650557
   13.369906108   -0.000771407   -0.008300463
   13.414031211   -0.000839214   -0.009005926
   13.458156314   -0.000894183   -0.009771370
   13.502281416   -0.000947420   -0.010601394
   13.546406519   -0.001016011   -0.011501119
   13.590531622   -0.001111029   -0.012476479
   13.634656724   -0.001229679   -0.013534269
   13.678781827   -0.001357437   -0.014681908
   13.722906930   -0.001478879   -0.015927120
   13.767032032   -0.001589482   -0.017277795
   13.811157135   -0.001699790   -0.018742177
   13.855282238   -0.001828700   -0.020329300
   13.899407340   -0.001990494   -0.022049398
   13.943532443   -0.002184973   -0.023914030
   13.987657546   -0.002397993   -0.025935831
   14.031782648   -0.002612311   -0.028128105
   14.075907751   -0.002821073   -0.030504598
   14.120032854   -0.003034137   -0.033079691
   14.164157956   -0.003272407   -0.035868960
   14.208283059   -0.003553992   -0.038889770
   14.252408162   -0.003882113   -0.042161522
   14.296533264   -0.004243681   -0.045705385
   14.340658367   -0.004619920   -0.049543723
   14.384783470   -0.005001602   -0.053699697
   14.428908572   -0.005397876   -0.058197428
   14.473033675   -0.005832031   -0.063062759
   14.517158778   -0.006326911   -0.068324178
   14.561283880   -0.006890370   -0.074013293
   14.605408983   -0.007511464   -0.080164475
   14.649534086   -0.008170529   -0.086813843
   14.693659188   -0.008856221   -0.093998324
   14.737784291   -0.009577262   -0.101755623
   14.781909394   -0.010360102   -0.110125491
   14.826034496   -0.011233771   -0.119151837
   14.870159599   -0.012212612   -0.128884512
   14.914284702   -0.013289550   -0.139379376
   14.958409804   -0.014445220   -0.150695858
   15.002534907   -0.015666861   -0.162892267
   15.046660010   -0.016963479   -0.176020122
   15.090785112   -0.018366030   -0.190119192
   15.134910215   -0.019911968   -0.205214607
   15.179035318   -0.021624969   -0.221316385
   15.223160420   -0.023504586   -0.238420734
   15.267285523   -0.025533899   -0.256511853
   15.311410626   -0.027700307   -0.275563063
   15.355535728   -0.030014755   -0.295536684
   15.399660831   -0.032515260   -0.316382864
   15.443785934   -0.035251554   -0.338038063
   15.487911036   -0.038261389   -0.360423943
   15.532036139   -0.041555688   -0.383447166
   15.576161242   -0.045123943   -0.407000192
   15.620286344   -0.048956894   -0.430962935
   15.664411447   -0.053070693   -0.455205092
   15.708536550   -0.057514910   -0.479589027
   15.752661652   -0.062357828   -0.503973149
   15.796786755   -0.067658856   -0.528215673
   15.840911858   -0.073447890   -0.552178504
   15.885036960   -0.079727336   -0.575730935
   15.929162063   -0.086496660   -0.598752785
   15.973287166   -0.093782720   -0.621136743
   16.017412268   -0.101653995   -0.642789793
   16.061537371   -0.110207476   -0.663633701
   16.105662474   -0.119536518   -0.683604656
   16.149787576   -0.129702475   -0.702652279
   16.193912679   -0.140731552   -0.720738407
   16.238037782   -0.152641033   -0.737836190
   16.282162884   -0.165477652   -0.753930003
   16.326287987   -0.179340784   -0.769016345
   16.370413090   -0.194372502   -0.783105321
   16.414538192   -0.210719759   -0.796221757
   16.458663295   -0.228494927   -0.808404840
   16.502788398   -0.247764133   -0.819705525
   16.546913500   -0.268574561   -0.830181882
   16.591038603   -0.291004025   -0.839893486
   16.635163706   -0.315198208   -0.848896514
   16.679288808   -0.341367056   -0.857240957
   16.723413911   -0.369739392   -0.864970471
   16.767539014   -0.400505658   -0.872124208
   16.811664116   -0.433790540   -0.878739236
   16.855789219   -0.469679603   -0.884852111
   16.899914322   -0.508286785   -0.890498959
   16.944039424   -0.549817628   -0.895714331
   16.988164527   -0.594580208   -0.900529858
   17.032289630   -0.642927446   -0.904973641
   17.076414732   -0.695162496   -0.909070757
   17.120539835   -0.751471453   -0.912844481
   17.164664938   -0.811939647   -0.916317370
   17.208790040   -0.876659143   -0.919511564
   17.252915143   -0.945872529   -0.922448202
   17.297040246   -1.020060654   -0.925146496
   17.341165348   -1.099896506   -0.927623188
   17.385290451   -1.186050865   -0.929892799
   17.429415554   -1.278914672   -0.931968510
   17.473540656   -1.378353654   -0.933863081
   17.517665759   -1.483603111   -0.935589200
   17.561790862   -1.593347499   -0.937159097
   17.605915964   -1.705944337   -0.938583754
   17.650041067   -1.819689960   -0.939872354
   17.694166170   -1.933016302   -0.941032366
   17.738291272   -2.044553240   -0.942070241
   17.782416375   -2.153061658   -0.942992236
   17.826541478   -2.257299944   -0.943804796
   17.870666580   -2.355904555   -0.944514260
   17.914791683   -2.447342166   -0.945126148
   17.958916786   -2.529946776   -0.945644562
   18.003041888   -2.602017008   -0.946072161
   18.047166991   -2.661933967   -0.946410729
   18.091292094   -2.708268535   -0.946661946
   18.135417196   -2.739865794   -0.946827796
   18.179542299   -2.755908649   -0.946910348
   18.223667402   -2.755965680   -0.946911056
   18.267792504   -2.740022864   -0.946830123
   18.311917607   -2.708493012   -0.946666362
   18.356042710   -2.662196143   -0.946417687
   18.400167812   -2.602308266   -0.946081854
   18.444292915   -2.530281455   -0.945656913
   18.488418018   -2.447742062   -0.945141033
   18.532543120   -2.356377621   -0.944531813
   18.576668223   -2.257828914   -0.943825558
   18.620793326   -2.153611083   -0.943017053
   18.664918428   -2.045089935   -0.942099978
   18.709043531   -1.933528353   -0.941067657
   18.753168634   -1.820190358   -0.939913564
   18.797293736   -1.706456461   -0.938631193
   18.841418839   -1.593882893   -0.937213328
   18.885543942   -1.484147822   -0.935651221
   18.929669044   -1.378873366   -0.933934242
   18.973794147   -1.279375399   -0.932050243
   19.017919250   -1.186440605   -0.929986343
   19.062044352   -1.100232382   -0.927729536
   19.106169455   -1.020376290   -0.925266594
   19.150294558   -0.946194476   -0.922583273
   19.194419660   -0.876989010   -0.919663315
   19.238544763   -0.812254467   -0.916487943
   19.282669866   -0.751741755   -0.913036185
   19.326794968   -0.695374883   -0.909285788
   19.370920071   -0.643095327   -0.905213999
   19.415045174   -0.594734957   -0.900797546
   19.459170276   -0.549986635   -0.896011686
   19.503295379   -0.508474344   -0.890828904
   19.547420482   -0.469864516   -0.885218137
   19.591545584   -0.433942216   -0.879145142
   19.635670687   -0.400607053   -0.872573809
   19.679795790   -0.369800153   -0.865467492
   19.723920892   -0.341417289   -0.857789229
   19.768045995   -0.315267328   -0.849500335
   19.812171098   -0.291099999   -0.840557918
   19.856296201   -0.268678622   -0.830912778
   19.900421303   -0.247844890   -0.820509292
   19.944546406   -0.228531728   -0.809288121
   19.988671509   -0.210718382   -0.797191290
   20.032796611   -0.194361749   -0.784168102
   20.076921714   -0.179352347   -0.770179996
   20.121046817   -0.165523785   -0.755203102
   20.165171919   -0.152706250   -0.739228354
   20.209297022   -0.140784479   -0.722260094
   20.253422125   -0.129719386   -0.704314500
   20.297547227   -0.119519537   -0.685418860
   20.341672330   -0.110184186   -0.665611975
   20.385797433   -0.101658612   -0.644945294
   20.429922535   -0.093832380   -0.623484111
   20.474047638   -0.086580024   -0.601308291
   20.518172741   -0.079813901   -0.578512326
   20.562297843   -0.073511417   -0.555204728
   20.606422946   -0.067698005   -0.531506781
   20.650548049   -0.062398985   -0.507550552
   20.694673151   -0.057595010   -0.483476035
   20.738798254   -0.053212349   -0.459427472
   20.782923357   -0.049153873   -0.435549199
   20.827048459   -0.045347649   -0.411981539
   20.871173562   -0.041778166   -0.388857270
   20.915298665   -0.038478284   -0.366298897
   20.959423767   -0.035488350   -0.344416713
   21.003548870   -0.032812093   -0.323307480
   21.047673973   -0.030400645   -0.303053676
   21.091799075   -0.028175462   -0.283723430
   21.135924178   -0.026073060   -0.265371239
   21.180049281   -0.024079254   -0.248039290
   21.224174383   -0.022228567   -0.231758791
   21.268299486   -0.020569675   -0.216550541
   21.312424589   -0.019121987   -0.202424234
   21.356549691   -0.017854415   -0.189376766
   21.400674794   -0.016701201   -0.177390668
   21.444799897   -0.015602998   -0.166434124
   21.488924999   -0.014543494   -0.156463595
   21.533050102   -0.013555370   -0.147428926
   21.577175205   -0.012691590   -0.139279539
   21.621300307   -0.011982855   -0.131969668
   21.665425410   -0.011411808   -0.125461022
   21.709550513   -0.010922330   -0.119722453
   21.753675615   -0.010457014   -0.114727669
   21.797800718   -0.009995716   -0.110452763
   21.841925821   -0.009567500   -0.106875099
   21.886050923   -0.009227506   -0.103973954
   21.930176026   -0.009015485   -0.101732192
   21.974301129   -0.008925862   -0.100137607
   22.018426231   -0.008910802   -0.099183014
   22.062551334   -0.008913995   -0.098865101
   22.106676437   -0.008910802   -0.099182980
   22.150801539   -0.008925860   -0.100137539
   22.194926642   -0.009015477   -0.101732089
   22.239051745   -0.009227491   -0.103973816
   22.283176847   -0.009567479   -0.106874925
   22.327301950   -0.009995691   -0.110452553
   22.371427053   -0.010456989   -0.114727420
   22.415552155   -0.010922305   -0.119722166
   22.459677258   -0.011411780   -0.125460694
   22.503802361   -0.011982822   -0.131969298
   22.547927463   -0.012691548   -0.139279125
   22.592052566   -0.013555320   -0.147428466
   22.636177669   -0.014543439   -0.156463086
   22.680302771   -0.015602941   -0.166433564
   22.724427874   -0.016701141   -0.177390054
   22.768552977   -0.017854350   -0.189376095
   22.812678079   -0.019121915   -0.202423506
   22.856803182   -0.020569592   -0.216549755
   22.900928285   -0.022228472   -0.231757947
   22.945053387   -0.024079151   -0.248038389
   22.989178490   -0.026072950   -0.265370282
   23.033303593   -0.028175346   -0.283722419
   23.077428695   -0.030400522   -0.303052614
   23.121553798   -0.032811957   -0.323306371
   23.165678901   -0.035488199   -0.344415561
   23.209804003   -0.038478116   -0.366297705
   23.253929106   -0.041777981   -0.388856044
   23.298054209   -0.045347451   -0.411980287
   23.342179311   -0.049153662   -0.435547926
   23.386304414   -0.053212124   -0.459426187
   23.430429517   -0.057594764   -0.483474744
   23.474554619   -0.062398715   -0.507549264
   23.518679722   -0.067697707   -0.531505503
   23.562804825   -0.073511092   -0.555203467
   23.606929927   -0.079813551   -0.578511090
   23.651055030   -0.086579649   -0.601307085
   23.695180133   -0.093831977   -0.623482941
   23.739305235   -0.101658175   -0.644944165
   23.783430338   -0.110183708   -0.665610890
   23.827555441   -0.119519014   -0.685417823
   23.871680543   -0.129718816   -0.704313513
   23.915805646   -0.140783863   -0.722259158
   23.959930749   -0.152705587   -0.739227471
   24.004055851   -0.165523072   -0.755202273
   24.048180954   -0.179351575   -0.770179220
   24.092306057   -0.194360910   -0.784167378
   24.136431159   -0.210717466   -0.797190617
   24.180556262   -0.228530733   -0.809287496
   24.224681365   -0.247843815   -0.820508713
   24.268806467   -0.268677464   -0.830912241
   24.312931570   -0.291098753   -0.840557420
   24.357056673   -0.315265982   -0.849499874
   24.401181775   -0.341415830   -0.857788802
   24.445306878   -0.369798568   -0.865467096
   24.489431981   -0.400605335   -0.872573442
   24.533557083   -0.433940360   -0.879144803
   24.577682186   -0.469862520   -0.885217825
   24.621807289   -0.508472199   -0.890828615
   24.665932391   -0.549984326   -0.896011419
   24.710057494   -0.594732465   -0.900797299
   24.754182597   -0.643092632   -0.905213772
   24.798307699   -0.695371972   -0.909285579
   24.842432802   -0.751738623   -0.913035992
   24.886557905   -0.812251112   -0.916487765
   24.930683007   -0.876985424   -0.919663152
   24.974808110   -0.946190639   -0.922583123
   25.018933213   -1.020372169   -0.925266457
   25.063058315   -1.100227937   -0.927729410
   25.107183418   -1.186435806   -0.929986228
   25.151308521   -1.279370238   -0.932050137
   25.195433623   -1.378867869   -0.933934146
   25.239558726   -1.484142046   -0.935651133
   25.283683829   -1.593876921   -0.937213248
   25.327808931   -1.706450381   -0.938631121
   25.371934034   -1.820184260   -0.939913499
   25.416059137   -1.933522314   -0.941067599
   25.460184239   -2.045084026   -0.942099926
   25.504309342   -2.153605370   -0.943017007
   25.548434445   -2.257823467   -0.943825517
   25.592559547   -2.356372517   -0.944531778
   25.636684650   -2.447737387   -0.945141003
   25.680809753   -2.530277297   -0.945656887
   25.724934855   -2.602304717   -0.946081834
   25.769059958   -2.662193285   -0.946417672
   25.813185061   -2.708490917   -0.946666351
   25.857310163   -2.740021586   -0.946830116
   25.901435266   -2.755965253   -0.946911054
   25.945560369   -2.755909082   -0.946910350
   25.989685471   -2.739867077   -0.946827803
   26.033810574   -2.708270633   -0.946661957
   26.077935677   -2.661936826   -0.946410745
   26.122060779   -2.602020558   -0.946072181
   26.166185882   -2.529950936   -0.945644588
   26.210310985   -2.447346845   -0.945126178
   26.254436087   -2.355909662   -0.944514295
   26.298561190   -2.257305393   -0.943804837
   26.342686293   -2.153067371   -0.942992283
   26.386811395   -2.044559147   -0.942070293
   26.430936498   -1.933022340   -0.941032425
   26.475061601   -1.819696058   -0.939872420
   26.519186703   -1.705950417   -0.938583827
   26.563311806   -1.593353472   -0.937159177
   26.607436909   -1.483608886   -0.935589289
   26.651562011   -1.378359149   -0.933863178
   26.695687114   -1.278919830   -0.931968616
   26.739812217   -1.186055661   -0.929892915
   26.783937319   -1.099900949   -0.927623315
   26.828062422   -1.020064775   -0.925146634
   26.872187525   -0.945876366   -0.922448353
   26.916312627   -0.876662729   -0.919511729
   26.960437730   -0.811943001   -0.916317549
   27.004562833   -0.751474582   -0.912844675
   27.048687935   -0.695165404   -0.909070968
   27.092813038   -0.642930139   -0.904973870
   27.136938141   -0.594582700   -0.900530106
   27.181063243   -0.549819937   -0.895714599
   27.225188346   -0.508288930   -0.890499249
   27.269313449   -0.469681598   -0.884852426
   27.313438551   -0.433792393   -0.878739576
   27.357563654   -0.400507374   -0.872124577
   27.401688757   -0.369740976   -0.864970869
   27.445813859   -0.341368516   -0.857241388
   27.489938962   -0.315199556   -0.848896979
   27.534064065   -0.291005273   -0.839893987
   27.578189167   -0.268575719   -0.830182422
   27.622314270   -0.247765207   -0.819706108
   27.666439373   -0.228495919   -0.808405469
   27.710564475   -0.210720672   -0.796222435
   27.754689578   -0.194373342   -0.783106049
   27.798814681   -0.179341557   -0.769017127
   27.842939783   -0.165478367   -0.753930839
   27.887064886   -0.152641696   -0.737837080
   27.931189989   -0.140732167   -0.720739350
   27.975315091   -0.129703043   -0.702653274
   28.019440194   -0.119537040   -0.683605702
   28.063565297   -0.110207955   -0.663634795
   28.107690399   -0.101654434   -0.642790933
   28.151815502   -0.093783125   -0.621137924
   28.195940605   -0.086497036   -0.598754003
   28.240065707   -0.079727685   -0.575732184
   28.284190810   -0.073448213   -0.552179778
   28.328315913   -0.067659153   -0.528216966
   28.372441015   -0.062358099   -0.503974454
   28.416566118   -0.057515158   -0.479590335
   28.460691221   -0.053070922   -0.455206396
   28.504816323   -0.048957107   -0.430964228
   28.548941426   -0.045124141   -0.407001466
   28.593066529   -0.041555872   -0.383448415
   28.637191631   -0.038261558   -0.360425160
   28.681316734   -0.035251708   -0.338039244
   28.725441837   -0.032515400   -0.316384004
   28.769566939   -0.030014883   -0.295537778
   28.813692042   -0.027700427   -0.275564109
   28.857817145   -0.025534012   -0.256512849
   28.901942247   -0.023504691   -0.238421677
   28.946067350   -0.021625065   -0.221317275
   28.990192453   -0.019912055   -0.205215443
   29.034317555   -0.018366108   -0.190119974
   29.078442658   -0.016963551   -0.176020851
   29.122567761   -0.015666928   -0.162892946
   29.166692863   -0.014445284   -0.150696487
   29.210817966   -0.013289610   -0.139379960
   29.254943069   -0.012212667   -0.128885054
   29.299068171   -0.011233820   -0.119152339
   29.343193274   -0.010360147   -0.110125956
   29.387318377   -0.009577302   -0.101756055
   29.431443479   -0.008856258   -0.093998724
   29.475568582   -0.008170565   -0.086814214
   29.519693685   -0.007511499   -0.080164818
   29.563818787   -0.006890402   -0.074013610
   29.607943890   -0.006326939   -0.068324471
   29.652068993   -0.005832056   -0.063063030
   29.696194095   -0.005397898   -0.058197679
   29.740319198   -0.005001623   -0.053699928
   29.784444301   -0.004619941   -0.049543937
   29.828569403   -0.004243701   -0.045705583
   29.872694506   -0.003882131   -0.042161705
   29.916819609   -0.003554009   -0.038889938
   29.960944711   -0.003272421   -0.035869116
   30.005069814   -0.003034149   -0.033079835
   30.049194917   -0.002821084   -0.030504731
   30.093320019   -0.002612322   -0.028128227
   30.137445122   -0.002398004   -0.025935944
   30.181570225   -0.002184984   -0.023914134
   30.225695327   -0.001990504   -0.022049494
   30.269820430   -0.001828708   -0.020329388
   30.313945533   -0.001699797   -0.018742259
   30.358070635   -0.001589488   -0.017277870
   30.402195738   -0.001478885   -0.015927189
   30.446320841   -0.001357444   -0.014681972
   30.490445943   -0.001229686   -0.013534328
   30.534571046   -0.001111035   -0.012476534
   30.578696149   -0.001016015   -0.011501169
   30.622821251   -0.000947423   -0.010601441
   30.666946354   -0.000894185   -0.009771413
   30.711071457   -0.000839217   -0.009005965
   30.755196559   -0.000771411   -0.008300499
   30.799321662   -0.000693100   -0.007650591
   30.843446765   -0.000617758   -0.007051810
   30.887571867   -0.000559808   -0.006499814
   30.931696970   -0.000524022   -0.005990605
   30.975822073   -0.000502073   -0.005520750
   31.019947175   -0.000478572   -0.005087389
   31.064072278   -0.000442023   -0.004688023
   31.108197381   -0.000392778   -0.004320231
   31.152322483   -0.000342338   -0.003981498
   31.196447586   -0.000304713   -0.003669272
   31.240572689   -0.000286186   -0.003381172
   31.284697791   -0.000280835   -0.003115202
   31.328822894   -0.000274915   -0.002869784
   31.372947997   -0.000256744   -0.002643604
   31.417073099   -0.000224925   -0.002435380
   31.461198202   -0.000189032   -0.002243696
   31.505323305   -0.000162434   -0.002067033
   31.549448407   -0.000152550   -0.001903941
   31.593573510   -0.000155578   -0.001753231
   31.637698613   -0.000159368   -0.001614036
   31.681823715   -0.000152235   -0.001485699
   31.725948818   -0.000131266   -0.001367575
   31.770073921   -0.000104177   -0.001258878
   31.814199023   -0.000083524   -0.001158684
   31.858324126   -0.000077557   -0.001066078
   31.902449229   -0.000084338   -0.000980326
   31.946574331   -0.000093284   -0.000900949
   31.990699434   -0.000092882   -0.000827650
   32.034824537   -0.000078931   -0.000760139
   32.078949639   -0.000057387   -0.000697989
   32.123074742   -0.000039879   -0.000640626
   32.167199845   -0.000035229   -0.000587443
   32.211324947   -0.000043149   -0.000537959
   32.255450050   -0.000054584   -0.000491904
   32.299575153   -0.000058349   -0.000449167
   32.343700255   -0.000049174   -0.000409649
   32.387825358   -0.000031366   -0.000373130
   32.431950461   -0.000015536   -0.000339238
   32.476075563   -0.000010854   -0.000307542
   32.520200666   -0.000018475   -0.000277701
   32.564325769   -0.000030831   -0.000249546
   32.608450871   -0.000037196   -0.000223055
   32.652575974   -0.000031436   -0.000198228
   32.696701077   -0.000016323   -0.000174956
   32.740826179   -0.000001390   -0.000152985
   32.784951282    0.000004040   -0.000131983
   32.829076385   -0.000002445   -0.000111679
   32.873201487   -0.000014708   -0.000091944
   32.917326590   -0.000022606   -0.000072787
   32.961451693   -0.000019328   -0.000054246
   33.005576796   -0.000006235   -0.000036267
   33.049701898    0.000008256   -0.000018653
   33.093827001    0.000014837   -0.000001124
   33.137952104    0.000010021    0.000016572
   33.182077206   -0.000001431    0.000034562
   33.226202309   -0.000010052    0.000052849
   33.270327412   -0.000008534    0.000071402
   33.314452514    0.000003053    0.000090265
   33.358577617    0.000017429    0.000109618
   33.402702720    0.000025454    0.000129737
   33.446827822    0.000022733    0.000150886
   33.490952925    0.000012722    0.000173233
   33.535078028    0.000004135    0.000196831
   33.579203130    0.000004617    0.000221694
   33.623328233    0.000015263    0.000247902
   33.667453336    0.000029940    0.000275664
   33.711578438    0.000039804    0.000305295
   33.755703541    0.000039719    0.000337120
   33.799828644    0.000031910    0.000371392
   33.843953746    0.000024278    0.000408260
   33.888078849    0.000024656    0.000447838
   33.932203952    0.000035183    0.000490299
   33.976329054    0.000050862    0.000535943
   34.020454157    0.000063268    0.000585186
   34.064579260    0.000066673    0.000638481
   34.108704362    0.000062161    0.000696230
   34.152829465    0.000056779    0.000758757
   34.196954568    0.000058414    0.000826355
   34.241079670    0.000070133    0.000899378
   34.285204773    0.000088065    0.000978314
   34.329329876    0.000104306    0.001063785
   34.373454978    0.000112698    0.001156475
   34.417580081    0.000113276    0.001257058
   34.461705184    0.000112215    0.001366155
   34.505830286    0.000117347    0.001484378
   34.549955389    0.000132554    0.001612413
   34.594080492    0.000155073    0.001751097
   34.638205594    0.000177618    0.001901429
   34.682330697    0.000193749    0.002064517
   34.726455800    0.000202564    0.002241499
   34.770580902    0.000209358    0.002433510
   34.814706005    0.000221817    0.002641711
   34.858831108    0.000244536    0.002867373
   34.902956210    0.000275839    0.003111951
   34.947081313    0.000309156    0.003377112
   34.991206416    0.000337922    0.003664690
   35.035331518    0.000360424    0.003976623
   35.079456621    0.000381114    0.004314911
   35.123581724    0.000407469    0.004681646
   35.167706826    0.000444728    0.005079084
   35.211831929    0.000492303    0.005509729
   35.255957032    0.000544446    0.005976370
   35.300082134    0.000594646    0.006482045
   35.344207237    0.000640538    0.007029987
   35.388332340    0.000685799    0.007623584
   35.432457442    0.000737680    0.008266393
   35.476582545    0.000802015    0.008962213
   35.520707648    0.000879322    0.009715167
   35.564832750    0.000964800    0.010529735
   35.608957853    0.001052190    0.011410739
   35.653082956    0.001138669    0.012363279
   35.697208058    0.001227261    0.013392685
   35.741333161    0.001325032    0.014504526
   35.785458264    0.001438429    0.015704658
   35.829583366    0.001569157    0.016999294
   35.873708469    0.001713553    0.018395034
   35.917833572    0.001865885    0.019898837
   35.961958674    0.002023169    0.021517944
   36.006083777    0.002188011    0.023259812
   36.050208880    0.002367448    0.025132083
   36.094333982    0.002568681    0.027142606
   36.138459085    0.002794792    0.029299466
   36.182584188    0.003043549    0.031610992
   36.226709290    0.003310144    0.034085694
   36.270834393    0.003591844    0.036732166
   36.314959496    0.003891208    0.039558969
   36.359084598    0.004215557    0.042574563
   36.403209701    0.004573130    0.045787276
   36.447334804    0.004968733    0.049205299
   36.491459906    0.005402043    0.052836654
   36.535585009    0.005869767    0.056689109
   36.579710112    0.006370090    0.060770047
   36.623835214    0.006906188    0.065086324
   36.667960317    0.007486303    0.069644162
   36.712085420    0.008120363    0.074449092
   36.756210522    0.008815640    0.079505916
   36.800335625    0.009574598    0.084818670
   36.844460728    0.010396491    0.090390530
   36.888585830    0.011281543    0.096223675
   36.932710933    0.012234700    0.102319143
   36.976836036    0.013266262    0.108676717
   37.020961138    0.014389010    0.115294862
   37.065086241    0.015613929    0.122170701
   37.109211344    0.016947680    0.129300000
   37.153336446    0.018393647    0.136677114
   37.197461549    0.019955810    0.144294922
   37.241586652    0.021642670    0.152144751
   37.285711754    0.023468425    0.160216344
   37.329836857    0.025450607    0.168497894
   37.373961960    0.027605960    0.176976113
   37.418087062    0.029947589    0.185636319
   37.462212165    0.032485462    0.194462501
   37.506337268    0.035229941    0.203437340
   37.550462370    0.038195789    0.212542249
   37.594587473    0.041403819    0.221757433
   37.638712576    0.044879028    0.231062037
   37.682837678    0.048646646    0.240434344
   37.726962781    0.052728970    0.249852010
   37.771087884    0.057145313    0.259292286
   37.815212986    0.061915073    0.268732217
   37.859338089    0.067061715    0.278148828
   37.903463192    0.072614761    0.287519318
   37.947588294    0.078608372    0.296821292
   37.991713397    0.085077522    0.306033011
   38.035838500    0.092054516    0.315133622
   38.079963602    0.099568299    0.324103339
   38.124088705    0.107646958    0.332923549
   38.168213808    0.116321483    0.341576869
   38.212338910    0.125627947    0.350047186
   38.256464013    0.135606370    0.358319722
   38.300589116    0.146296942    0.366381120
   38.344714218    0.157736114    0.374219524
   38.388839321    0.169955138    0.381824635
   38.432964424    0.182981811    0.389187703
   38.477089526    0.196843804    0.396301482
   38.521214629    0.211570831    0.403160169
   38.565339732    0.227193689    0.409759366
   38.609464834    0.243740478    0.416096055
   38.653589937    0.261232318    0.422168583
   38.697715040    0.279681192    0.427976613
   38.741840142    0.299091016    0.433521023
   38.785965245    0.319460678    0.438803779
   38.830090348    0.340786388    0.443827799
   38.874215450    0.363061218    0.448596851
   38.918340553    0.386271760    0.453115487
   38.962465656    0.410393944    0.457389000
   39.006590758    0.435390676    0.461423365
   39.050715861    0.461212657    0.465225142
   39.094840964    0.487801487    0.468801349
   39.138966066    0.515092551    0.472159336
   39.183091169    0.543015405    0.475306678
   39.227216272    0.571491265    0.478251122
   39.271341374    0.600429317    0.481000557
   39.315466477    0.629724454    0.483562973
   39.359591580    0.659258043    0.485946396
   39.403716682    0.688901165    0.488158792
   39.447841785    0.718518092    0.490207967
   39.491966888    0.747967732    0.492101489
   39.536091990    0.777102448    0.493846666
   39.580217093    0.805765765    0.495450543
   39.624342196    0.833791513    0.496919906
   39.668467298    0.861006062    0.498261253
   39.712592401    0.887233220    0.499480743
   39.756717504    0.912299463    0.500584127
   39.800842606    0.936036933    0.501576708
   39.844967709    0.958283217    0.502463336
   39.889092812    0.978879196    0.503248442
   39.933217914    0.997667651    0.503936062
   39.977343017    1.014494816    0.504529846
   40.021468120    1.029215076    0.505033024
   40.065593222    1.041696944    0.505448358
   40.109718325    1.051827725    0.505778116
   40.153843428    1.059515429    0.506024075
   40.197968530    1.064688525    0.506187559
   40.242093633    1.067295619    0.506269473
   40.286218736    1.067306907    0.506270324
   40.330343838    1.064717549    0.506190193
   40.374468941    1.059551134    0.506028696
   40.418594044    1.051860749    0.505784955
   40.462719146    1.041726223    0.505457598
   40.506844249    1.029248384    0.505044793
   40.550969352    1.014542848    0.504544291
   40.595094454    0.997735948    0.503953447
   40.639219557    0.978963777    0.503269201
   40.683344660    0.958373087    0.502488045
   40.727469762    0.936121663    0.501605993
   40.771594865    0.912376351    0.500618585
   40.815719968    0.887308846    0.499520927
   40.859845070    0.861091103    0.498307741
   40.903970173    0.833892580    0.496973401
   40.948095276    0.805880166    0.495511939
   40.992220378    0.777219686    0.493917029
   41.036345481    0.748076661    0.492181977
   41.080470584    0.718614538    0.490299744
   41.124595686    0.688990507    0.488263010
   41.168720789    0.659350872    0.486064255
   41.212845892    0.629828458    0.483695829
   41.256970994    0.600543275    0.481149997
   41.301096097    0.571605512    0.478418964
   41.345221200    0.543118441    0.475494897
   41.389346302    0.515179015    0.472369985
   41.433471405    0.487875712    0.469036532
   41.477596508    0.461285237    0.465487073
   41.521721610    0.435470515    0.461714481
   41.565846713    0.410481554    0.457712055
   41.609971816    0.386358671    0.453473565
   41.654096918    0.363135942    0.448993313
   41.698222021    0.340842616    0.444266205
   41.742347124    0.319501778    0.439287861
   41.786472226    0.299127561    0.434054751
   41.830597329    0.279723297    0.428564313
   41.874722432    0.261282343    0.422815052
   41.918847534    0.243791387    0.416806601
   41.962972637    0.227234272    0.410539776
   42.007097740    0.211594018    0.404016644
   42.051222842    0.196852049    0.397240623
   42.095347945    0.182985641    0.390216580
   42.139473048    0.169965906    0.382950929
   42.183598150    0.157758200    0.375451668
   42.227723253    0.146325074    0.367728377
   42.271848356    0.135630012    0.359792185
   42.315973458    0.125639602    0.351655743
   42.360098561    0.116322895    0.343333206
   42.404223664    0.107648708    0.334840245
   42.448348766    0.099583087    0.326194036
   42.492473869    0.092088974    0.317413210
   42.536598972    0.085128518    0.308517760
   42.580724074    0.078666487    0.299528901
   42.624849177    0.072672456    0.290468928
   42.668974280    0.067120276    0.281361066
   42.713099382    0.061985302    0.272229334
   42.757224485    0.057241446    0.263098379
   42.801349588    0.052860238    0.253993277
   42.845474690    0.048812597    0.244939288
   42.889599793    0.045072034    0.235961595
   42.933724896    0.041616985    0.227085061
   42.977849998    0.038430557    0.218334033
   43.021975101    0.035497875    0.209732199
   43.066100204    0.032802928    0.201302484
   43.110225306    0.030327167    0.193066945
   43.154350409    0.028050837    0.185046665
   43.198475512    0.025956046    0.177261648
   43.242600614    0.024029292    0.169730732
   43.286725717    0.022261591    0.162471548
   43.330850820    0.020646068    0.155500520
   43.374975922    0.019174714    0.148832884
   43.419101025    0.017836630    0.142482706
   43.463226128    0.016618978    0.136462873
   43.507351230    0.015509920    0.130785083
   43.551476333    0.014501377    0.125459843
   43.595601436    0.013589578    0.120496507
   43.639726538    0.012772973    0.115903363
   43.683851641    0.012049003    0.111687735
   43.727976744    0.011412030    0.107856079
   43.772101846    0.010853925    0.104414043
   43.816226949    0.010366847    0.101366502
   43.860352052    0.009946191    0.098717582
   43.904477154    0.009591556    0.096470700
   43.948602257    0.009305005    0.094628634
   43.992727360    0.009087880    0.093193601
   44.036852462    0.008938458    0.092167319
   44.080977565    0.008852149    0.091551035
