    0.000000000    0.004512723    0.045723268
    0.044125103    0.004893036    0.049142192
    0.088250205    0.005312270    0.052774540
    0.132375308    0.005777339    0.056627969
    0.176500411    0.006288260    0.060709799
    0.220625513    0.006840395    0.065026918
    0.264750616    0.007430270    0.069585645
    0.308875719    0.008060746    0.074391605
    0.353000821    0.008741786    0.079449619
    0.397125924    0.009486282    0.084763653
    0.441251027    0.010304019    0.090336770
    0.485376129    0.011198198    0.096171081
    0.529501232    0.012167065    0.102267643
    0.573626335    0.013209493    0.108626326
    0.617751437    0.014330437    0.115245687
    0.661876540    0.015542345    0.122122874
    0.706001643    0.016861495    0.129253588
    0.750126745    0.018302006    0.136632076
    0.794251848    0.019871893    0.144251140
    0.838376951    0.021574102    0.152102113
    0.882502053    0.023411785    0.160174819
    0.926627156    0.025394017    0.168457539
    0.970752259    0.027537808    0.176937017
    1.014877361    0.029865010    0.185598516
    1.059002464    0.032396414    0.194425918
    1.103127567    0.035147390    0.203401826
    1.147252669    0.038128297    0.212507646
    1.191377772    0.041349387    0.221723659
    1.235502875    0.044826677    0.231029097
    1.279627977    0.048584516    0.240402284
    1.323753080    0.052653028    0.249820831
    1.367878183    0.057062316    0.259261892
    1.412003285    0.061837671    0.268702433
    1.456128388    0.066999296    0.278119469
    1.500253491    0.072566734    0.287490271
    1.544378593    0.078564745    0.296792540
    1.588503696    0.085026334    0.306004587
    1.632628799    0.091990664    0.315105533
    1.676753901    0.099497329    0.324075505
    1.720879004    0.107581094    0.332895813
    1.765004107    0.116270822    0.341549065
    1.809129209    0.125593254    0.350019215
    1.853254312    0.135578709    0.358291583
    1.897379415    0.146264374    0.366352871
    1.941504517    0.157692548    0.374191208
    1.985629620    0.169904883    0.381796217
    2.029754723    0.182936530    0.389159072
    2.073879825    0.196814139    0.396272511
    2.118004928    0.211558802    0.403130792
    2.162130031    0.227191409    0.409729613
    2.206255133    0.243736082    0.416066024
    2.250380236    0.261218742    0.422138364
    2.294505339    0.279661411    0.427946226
    2.338630441    0.299075928    0.433490409
    2.382755544    0.319461219    0.438772858
    2.426880647    0.340805641    0.443796543
    2.471005749    0.363092258    0.448565323
    2.515130852    0.386302774    0.453083820
    2.559255955    0.410416864    0.457357328
    2.603381057    0.435407020    0.461391752
    2.647506160    0.461232336    0.465193573
    2.691631263    0.487835483    0.468769779
    2.735756365    0.515144819    0.472127756
    2.779881468    0.543079903    0.475275168
    2.824006571    0.571556246    0.478219832
    2.868131673    0.600485725    0.480969638
    2.912256776    0.629772295    0.483532513
    2.956381879    0.659306092    0.485916399
    3.000506981    0.688960262    0.488129219
    3.044632084    0.718592932    0.490178807
    3.088757187    0.748053133    0.492072810
    3.132882289    0.777186802    0.493818603
    3.177007392    0.805839124    0.495423237
    3.221132495    0.833852406    0.496893436
    3.265257597    0.861062091    0.498235609
    3.309382700    0.887295029    0.499455861
    3.353507803    0.912372499    0.500559959
    3.397632905    0.936117023    0.501553270
    3.441758008    0.958359156    0.502440712
    3.485883111    0.978940440    0.503226719
    3.530008213    0.997711498    0.503915266
    3.574133316    1.014527840    0.504509907
    3.618258419    1.029247811    0.505013803
    3.662383521    1.041735718    0.505429719
    3.706508624    1.051869614    0.505759974
    3.750633727    1.059550007    0.506006403
    3.794758829    1.064705114    0.506170330
    3.838883932    1.067290759    0.506252598
    3.883009035    1.067286604    0.506253607
    3.927134137    1.064692693    0.506173357
    3.971259240    1.059529468    0.506011442
    4.015384343    1.051841229    0.505767020
    4.059509445    1.041699891    0.505438761
    4.103634548    1.029205068    0.505024830
    4.147759651    1.014478787    0.504522901
    4.191884753    0.997656777    0.503930210
    4.236009856    0.978880697    0.503243591
    4.280134959    0.958295040    0.502459489
    4.324260061    0.936049208    0.501573927
    4.368385164    0.912301701    0.500582464
    4.412510267    0.887222006    0.499480185
    4.456635369    0.860987621    0.498261715
    4.500760472    0.833777247    0.496921286
    4.544885575    0.805763993    0.495452793
    4.589010677    0.777112372    0.493849823
    4.633135780    0.747980055    0.492105649
    4.677260883    0.718521851    0.490213220
    4.721385985    0.688891823    0.488165157
    4.765511088    0.659240915    0.485953811
    4.809636191    0.629710942    0.483571347
    4.853761293    0.600428680    0.481009842
    4.897886396    0.571503914    0.478261351
    4.942011499    0.543032641    0.475317948
    4.986136601    0.515102961    0.472171743
    5.030261704    0.487799351    0.468814916
    5.074386807    0.461202225    0.465239808
    5.118511909    0.435383168    0.461439029
    5.162637012    0.410399431    0.457405594
    5.206762115    0.386291839    0.453133026
    5.250887217    0.363087852    0.448615419
    5.295012320    0.340807775    0.443847484
    5.339137423    0.319469901    0.438824601
    5.383262525    0.299091154    0.433542913
    5.427387628    0.279683138    0.427999454
    5.471512731    0.261246867    0.422192285
    5.515637833    0.243770442    0.416120609
    5.559762936    0.227231807    0.409784842
    5.603888039    0.211605040    0.403186647
    5.648013141    0.196866041    0.396328981
    5.692138244    0.182993933    0.389216153
    5.736263347    0.169967612    0.381853908
    5.780388449    0.157760392    0.374249517
    5.824513552    0.146337083    0.366411811
    5.868638655    0.135656015    0.358351176
    5.912763757    0.125674904    0.350079487
    5.956888860    0.116356603    0.341610050
    6.001013963    0.107670821    0.332957550
    6.045139065    0.099590823    0.324138037
    6.089264168    0.092087724    0.315168913
    6.133389271    0.085126732    0.306068872
    6.177514373    0.078668238    0.296857791
    6.221639476    0.072673100    0.287556554
    6.265764579    0.067108357    0.278186854
    6.309889681    0.061949284    0.268770992
    6.354014784    0.057176355    0.259331698
    6.398139887    0.052769350    0.249891959
    6.442264989    0.048702950    0.240474808
    6.486390092    0.044947040    0.231103088
    6.530515195    0.041471513    0.221799187
    6.574640297    0.038252060    0.212584778
    6.618765400    0.035272706    0.203480622
    6.662890503    0.032523215    0.194506435
    6.707015606    0.029993214    0.185680803
    6.751140708    0.027667302    0.177021120
    6.795265811    0.025524672    0.168543498
    6.839390914    0.023543482    0.160262666
    6.883516016    0.021706757    0.152191874
    6.927641119    0.020005465    0.144342835
    6.971766222    0.018436470    0.136725717
    7.015891324    0.016996812    0.129349182
    7.060016427    0.015678443    0.122220422
    7.104141530    0.014467224    0.115345182
    7.148266632    0.013346878    0.108727757
    7.192391735    0.012304994    0.102370991
    7.236516838    0.011336653    0.096276324
    7.280641940    0.010443004    0.090443877
    7.324767043    0.009625787    0.084872591
    7.368892146    0.008881769    0.079560352
    7.413017248    0.008201138    0.074504090
    7.457142351    0.007571001    0.069699838
    7.501267454    0.006981424    0.065142770
    7.545392556    0.006429586    0.060827260
    7.589517659    0.005918981    0.056746985
    7.633642762    0.005454238    0.052895056
    7.677767864    0.005035307    0.049264152
    7.721892967    0.004655243    0.045846614
    7.766018070    0.004303202    0.042634497
    7.810143172    0.003970448    0.039619599
    7.854268275    0.003654982    0.036793498
    7.898393378    0.003361391    0.034147626
    7.942518480    0.003096018    0.031673378
    7.986643583    0.002860944    0.029362217
    8.030768686    0.002651190    0.027205746
    8.074893788    0.002457163    0.025195724
    8.119018891    0.002270566    0.023324063
    8.163143994    0.002089463    0.021582824
    8.207269096    0.001918776    0.019964251
    8.251394199    0.001765854    0.018460833
    8.295519302    0.001634317    0.017065376
    8.339644404    0.001520684    0.015771039
    8.383769507    0.001416228    0.014571320
    8.427894610    0.001312731    0.013460016
    8.472019712    0.001207920    0.012431181
    8.516144815    0.001106619    0.011479128
    8.560269918    0.001016761    0.010598460
    8.604395020    0.000943153    0.009784119
    8.648520123    0.000883552    0.009031402
    8.692645226    0.000829910    0.008335936
    8.736770328    0.000773895    0.007693622
    8.780895431    0.000712657    0.007100575
    8.825020534    0.000650628    0.006553112
    8.869145636    0.000596024    0.006047769
    8.913270739    0.000554601    0.005581346
    8.957395842    0.000525209    0.005150924
    9.001520944    0.000500400    0.004753834
    9.045646047    0.000471658    0.004387606
    9.089771150    0.000435436    0.004049905
    9.133896252    0.000395593    0.003738508
    9.178021355    0.000360435    0.003451327
    9.222146458    0.000336517    0.003186448
    9.266271560    0.000323717    0.002942155
    9.310396663    0.000315188    0.002716915
    9.354521766    0.000302233    0.002509319
    9.398646868    0.000280557    0.002318025
    9.442771971    0.000253321    0.002141737
    9.486897074    0.000228768    0.001979219
    9.531022176    0.000214130    0.001829346
    9.575147279    0.000210269    0.001691132
    9.619272382    0.000210961    0.001563722
    9.663397484    0.000207365    0.001446342
    9.707522587    0.000194414    0.001338243
    9.751647690    0.000174482    0.001238675
    9.795772792    0.000155615    0.001146903
    9.839897895    0.000145624    0.001062260
    9.884022998    0.000146331    0.000984181
    9.928148100    0.000152184    0.000912204
    9.972273203    0.000154258    0.000845922
   10.016398306    0.000146735    0.000784930
   10.060523408    0.000131136    0.000728794
   10.104648511    0.000115203    0.000677068
   10.148773614    0.000107238    0.000629345
   10.192898716    0.000110007    0.000585296
   10.237023819    0.000118686    0.000544681
   10.281148922    0.000124342    0.000507303
   10.325274024    0.000120432    0.000472952
   10.369399127    0.000107578    0.000441378
   10.413524230    0.000093119    0.000412298
   10.457649332    0.000085752    0.000385450
   10.501774435    0.000089169    0.000360638
   10.545899538    0.000099325    0.000337742
   10.590024640    0.000107365    0.000316685
   10.634149743    0.000106066    0.000297372
   10.678274846    0.000095116    0.000279660
   10.722399948    0.000081355    0.000263361
   10.766525051    0.000073790    0.000248293
   10.810650154    0.000077013    0.000234332
   10.854775256    0.000087818    0.000221426
   10.898900359    0.000097518    0.000209564
   10.943025462    0.000098265    0.000198723
   10.987150564    0.000088791    0.000188819
   11.031275667    0.000075350    0.000179721
   11.075400770    0.000067169    0.000171293
   11.119525872    0.000069709    0.000163446
   11.163650975    0.000080654    0.000156164
   11.207776078    0.000091574    0.000149476
   11.251901180    0.000094064    0.000143395
   11.296026283    0.000085884    0.000137881
   11.340151386    0.000072620    0.000132834
   11.384276488    0.000063623    0.000128140
   11.428401591    0.000065185    0.000123731
   11.472526694    0.000075926    0.000119607
   11.516651796    0.000087768    0.000115818
   11.560776899    0.000091820    0.000112405
   11.604902002    0.000084869    0.000109349
   11.649027104    0.000071754    0.000106573
   11.693152207    0.000061855    0.000103977
   11.737277310    0.000062252    0.000101499
   11.781402412    0.000072536    0.000099147
   11.825527515    0.000085080    0.000096980
   11.869652618    0.000090583    0.000095056
   11.913777720    0.000084867    0.000093375
   11.957902823    0.000071952    0.000091873
   12.002027926    0.000061146    0.000090457
   12.046153028    0.000060264    0.000089064
   12.090278131    0.000069901    0.000087705
   12.134403234    0.000082969    0.000086443
   12.178528336    0.000089847    0.000085347
   12.222653439    0.000085407    0.000084432
   12.266778542    0.000072781    0.000083642
   12.310903644    0.000061108    0.000082888
   12.355028747    0.000058872    0.000082106
   12.399153850    0.000067698    0.000081303
   12.443278952    0.000081129    0.000080544
   12.487404055    0.000089315    0.000079905
   12.531529158    0.000086203    0.000079413
   12.575654260    0.000073978    0.000079020
   12.619779363    0.000061505    0.000078640
   12.663904466    0.000057872    0.000078205
   12.708029568    0.000065746    0.000077714
   12.752154671    0.000079389    0.000077233
   12.796279774    0.000088820    0.000076845
   12.840404876    0.000087095    0.000076585
   12.884529979    0.000075398    0.000076415
   12.928655082    0.000062216    0.000076247
   12.972780184    0.000057166    0.000076009
   13.016905287    0.000063960    0.000075695
   13.061030390    0.000077667    0.000075369
   13.105155492    0.000088274    0.000075115
   13.149280595    0.000087989    0.000074980
   13.193405698    0.000076951    0.000074932
   13.237530800    0.000063168    0.000074886
   13.281655903    0.000056696    0.000074764
   13.325781006    0.000062294    0.000074551
   13.369906108    0.000075914    0.000074309
   13.414031211    0.000087620    0.000074126
   13.458156314    0.000088824    0.000074055
   13.502281416    0.000078580    0.000074075
   13.546406519    0.000064314    0.000074099
   13.590531622    0.000056434    0.000074047
   13.634656724    0.000060730    0.000073894
   13.678781827    0.000074113    0.000073696
   13.722906930    0.000086830    0.000073547
   13.767032032    0.000089562    0.000073507
   13.811157135    0.000080248    0.000073561
   13.855282238    0.000065630    0.000073628
   13.899407340    0.000056369    0.000073619
   13.943532443    0.000059265    0.000073503
   13.987657546    0.000072258    0.000073329
   14.031782648    0.000085887    0.000073193
   14.075907751    0.000090176    0.000073164
   14.120032854    0.000081924    0.000073235
   14.164157956    0.000067094    0.000073328
   14.208283059    0.000056496    0.000073347
   14.252408162    0.000057903    0.000073254
   14.296533264    0.000070350    0.000073093
   14.340658367    0.000084784    0.000072958
   14.384783470    0.000090645    0.000072929
   14.428908572    0.000083587    0.000073006
   14.473033675    0.000068692    0.000073114
   14.517158778    0.000056812    0.000073155
   14.561283880    0.000056655    0.000073078
   14.605408983    0.000068400    0.000072922
   14.649534086    0.000083518    0.000072783
   14.693659188    0.000090955    0.000072745
   14.737784291    0.000085215    0.000072822
   14.781909394    0.000070411    0.000072939
   14.826034496    0.000057320    0.000072995
   14.870159599    0.000055530    0.000072931
   14.914284702    0.000066417    0.000072775
   14.958409804    0.000082087    0.000072626
   15.002534907    0.000091090    0.000072576
   15.046660010    0.000086788    0.000072645
   15.090785112    0.000072237    0.000072767
   15.134910215    0.000058018    0.000072834
   15.179035318    0.000054540    0.000072779
   15.223160420    0.000064414    0.000072622
   15.267285523    0.000080493    0.000072459
   15.311410626    0.000091040    0.000072390
   15.355535728    0.000088287    0.000072448
   15.399660831    0.000074156    0.000072569
   15.443785934    0.000058909    0.000072643
   15.487911036    0.000053699    0.000072592
   15.532036139    0.000062404    0.000072428
   15.576161242    0.000078740    0.000072247
   15.620286344    0.000090790    0.000072154
   15.664411447    0.000089693    0.000072192
   15.708536550    0.000076152    0.000072305
   15.752661652    0.000059988    0.000072380
   15.796786755    0.000053015    0.000072328
   15.840911858    0.000060397    0.000072151
   15.885036960    0.000076823    0.000071943
   15.929162063    0.000090317    0.000071817
   15.973287166    0.000090961    0.000071826
   16.017412268    0.000078173    0.000071920
   16.061537371    0.000061205    0.000071985
   16.105662474    0.000052438    0.000071921
   16.149787576    0.000058340    0.000071721
   16.193912679    0.000074683    0.000071473
   16.238037782    0.000089557    0.000071297
   16.282162884    0.000092036    0.000071259
   16.326287987    0.000080190    0.000071317
   16.370413090    0.000062567    0.000071353
   16.414538192    0.000052011    0.000071258
   16.458663295    0.000056294    0.000071013
   16.502788398    0.000072375    0.000070701
   16.546913500    0.000088545    0.000070450
   16.591038603    0.000092935    0.000070336
   16.635163706    0.000082209    0.000070326
   16.679288808    0.000064079    0.000070300
   16.723413911    0.000051744    0.000070139
   16.767539014    0.000054265    0.000069811
   16.811664116    0.000069892    0.000069394
   16.855789219    0.000087256    0.000069020
   16.899914322    0.000093618    0.000068778
   16.944039424    0.000084191    0.000068644
   16.988164527    0.000065715    0.000068498
   17.032289630    0.000051620    0.000068208
   17.076414732    0.000052238    0.000067727
   17.120539835    0.000067207    0.000067129
   17.164664938    0.000085644    0.000066549
   17.208790040    0.000094023    0.000066088
   17.252915143    0.000086068    0.000065731
   17.297040246    0.000067416    0.000065357
   17.341165348    0.000051593    0.000064823
   17.385290451    0.000050170    0.000064067
   17.429415554    0.000064267    0.000063151
   17.473540656    0.000083633    0.000062215
   17.517665759    0.000094058    0.000061371
   17.561790862    0.000087746    0.000060616
   17.605915964    0.000069095    0.000059825
   17.650041067    0.000051584    0.000058842
   17.694166170    0.000047981    0.000057586
   17.738291272    0.000060973    0.000056108
   17.782416375    0.000081101    0.000054550
   17.826541478    0.000093573    0.000053034
   17.870666580    0.000089059    0.000051564
   17.914791683    0.000070582    0.000050015
   17.958916786    0.000051426    0.000048214
   18.003041888    0.000045494    0.000046057
   18.047166991    0.000057125    0.000043579
   18.091292094    0.000077809    0.000040922
   18.135417196    0.000092299    0.000038214
   18.179542299    0.000089718    0.000035468
   18.223667402    0.000071584    0.000032552
   18.267792504    0.000050819    0.000029272
   18.311917607    0.000042396    0.000025498
   18.356042710    0.000052376    0.000021243
   18.400167812    0.000073367    0.000016637
   18.444292915    0.000089797    0.000011817
   18.488418018    0.000089248    0.000006795
   18.532543120    0.000071595    0.000001430
   18.576668223    0.000049230   -0.000004503
   18.620793326    0.000038108   -0.000011170
   18.664918428    0.000046083   -0.000018592
   18.709043531    0.000067049   -0.000026654
   18.753168634    0.000085259   -0.000035228
   18.797293736    0.000086765   -0.000044306
   18.841418839    0.000069669   -0.000054050
   18.885543942    0.000045648   -0.000064728
   18.929669044    0.000031544   -0.000076560
   18.973794147    0.000037060   -0.000089617
   19.017919250    0.000057554   -0.000103817
   19.062044352    0.000077263   -0.000119053
   19.106169455    0.000080736   -0.000135340
   19.150294558    0.000064165   -0.000152883
   19.194419660    0.000038318   -0.000172013
   19.238544763    0.000020806   -0.000193034
   19.282669866    0.000023236   -0.000216093
   19.326794968    0.000042606   -0.000241173
   19.370920071    0.000063312   -0.000268219
   19.415045174    0.000068434   -0.000297299
   19.459170276    0.000052122   -0.000328694
   19.503295379    0.000024025   -0.000362844
   19.547420482    0.000002394   -0.000400178
   19.591545584    0.000000781   -0.000440974
   19.635670687    0.000018010   -0.000485330
   19.679795790    0.000038827   -0.000533292
   19.723920892    0.000044889   -0.000585039
   19.768045995    0.000028170   -0.000640992
   19.812171098   -0.000003025   -0.000701765
   19.856296201   -0.000029961   -0.000768000
   19.900421303   -0.000037109   -0.000840186
   19.944546406   -0.000023629   -0.000918630
   19.988671509   -0.000004226   -0.001003574
   20.032796611    0.000001389   -0.001095408
   20.076921714   -0.000017129   -0.001194804
   20.121046817   -0.000053071   -0.001302683
   20.165171919   -0.000087392   -0.001420036
   20.209297022   -0.000102571   -0.001547723
   20.253422125   -0.000095558   -0.001686414
   20.297547227   -0.000080295   -0.001836719
   20.341672330   -0.000077791   -0.001999420
   20.385797433   -0.000100865   -0.002175639
   20.429922535   -0.000144669   -0.002366827
   20.474047638   -0.000190057   -0.002574571
   20.518172741   -0.000217512   -0.002800365
   20.562297843   -0.000221578   -0.003045528
   20.606422946   -0.000215201   -0.003311333
   20.650548049   -0.000220626   -0.003599275
   20.694673151   -0.000253314   -0.003911280
   20.738798254   -0.000310600   -0.004249723
   20.782923357   -0.000373486   -0.004617220
   20.827048459   -0.000420488   -0.005016371
   20.871173562   -0.000443560   -0.005449643
   20.915298665   -0.000454426   -0.005919503
   20.959423767   -0.000476502   -0.006428729
   21.003548870   -0.000528105   -0.006980677
   21.047673973   -0.000609115   -0.007579336
   21.091799075   -0.000700994   -0.008229109
   21.135924178   -0.000780351   -0.008934516
   21.180049281   -0.000836364   -0.009700034
   21.224174383   -0.000879295   -0.010530238
   21.268299486   -0.000933687   -0.011430170
   21.312424589   -0.001020958   -0.012405687
   21.356549691   -0.001143989   -0.013463563
   21.400674794   -0.001285087   -0.014611277
   21.444799897   -0.001419084   -0.015856646
   21.488924999   -0.001532236   -0.017207623
   21.533050102   -0.001633140   -0.018672440
   21.577175205   -0.001747480   -0.020260052
   21.621300307   -0.001900147   -0.021980615
   21.665425410   -0.002097619   -0.023845662
   21.709550513   -0.002323598   -0.025867883
   21.753675615   -0.002551378   -0.028060680
   21.797800718   -0.002764223   -0.030437873
   21.841925821   -0.002968918   -0.033013840
   21.886050923   -0.003192392   -0.035804086
   21.930176026   -0.003463519   -0.038825892
   21.974301129   -0.003793168   -0.042098632
   22.018426231   -0.004167172   -0.045643527
   22.062551334   -0.004557684   -0.049483043
   22.106676437   -0.004945011   -0.053640424
   22.150801539   -0.005334092   -0.058139800
   22.194926642   -0.005753385   -0.063006950
   22.239051745   -0.006236547   -0.068270279
   22.283176847   -0.006800014   -0.073961366
   22.327301950   -0.007432891   -0.080114630
   22.371427053   -0.008106947   -0.086766297
   22.415552155   -0.008799878   -0.093953382
   22.459677258   -0.009515060   -0.101713610
   22.503802361   -0.010283163   -0.110086675
   22.547927463   -0.011143973   -0.119116415
   22.592052566   -0.012121289   -0.128852655
   22.636177669   -0.013209265   -0.139351313
   22.680302771   -0.014380584   -0.150671925
   22.724427874   -0.015611122   -0.162872877
   22.768552977   -0.016903411   -0.176005659
   22.812678079   -0.018291598   -0.190109909
   22.856803182   -0.019823718   -0.205210572
   22.900928285   -0.021533719   -0.221317527
   22.945053387   -0.023423598   -0.238426939
   22.989178490   -0.025469212   -0.256523051
   23.033303593   -0.027646296   -0.275579228
   23.077428695   -0.029958216   -0.295557765
   23.121553798   -0.032445075   -0.316408684
   23.165678901   -0.035166892   -0.338068259
   23.209804003   -0.038172440   -0.360458002
   23.253929106   -0.041476332   -0.383484511
   23.298054209   -0.045061670   -0.407040272
   23.342179311   -0.048907347   -0.431005247
   23.386304414   -0.053020856   -0.455249128
   23.430429517   -0.057452678   -0.479634194
   23.474554619   -0.062280977   -0.504018729
   23.518679722   -0.067576851   -0.528260865
   23.562804825   -0.073375145   -0.552222539
   23.606929927   -0.079672818   -0.575773181
   23.651055030   -0.086457413   -0.598792781
   23.695180133   -0.093746104   -0.621174148
   23.739305235   -0.101607045   -0.642824291
   23.783430338   -0.110146592   -0.663664932
   23.827555441   -0.119470372   -0.683632231
   23.871680543   -0.129645965   -0.702675865
   23.915805646   -0.140695169   -0.720757817
   23.959930749   -0.152623398   -0.737851412
   24.004055851   -0.165466728   -0.753941147
   24.048180954   -0.179322936   -0.769023542
   24.092306057   -0.194342827   -0.783108654
   24.136431159   -0.210686117   -0.796221280
   24.180556262   -0.228472671   -0.808400651
   24.224681365   -0.247765331   -0.819697858
   24.268806467   -0.268599579   -0.830171120
   24.312931570   -0.291041668   -0.839880082
   24.357056673   -0.315234384   -0.848880862
   24.401181775   -0.341395679   -0.857223300
   24.445306878   -0.369767527   -0.864950905
   24.489431981   -0.400549092   -0.872102785
   24.533557083   -0.433862948   -0.878716081
   24.577682186   -0.469783225   -0.884827487
   24.621807289   -0.508411480   -0.890473211
   24.665932391   -0.549949086   -0.895687773
   24.710057494   -0.594711350   -0.900502670
   24.754182597   -0.643064633   -0.904945855
   24.798307699   -0.695321918   -0.909042352
   24.842432802   -0.751668252   -0.912815505
   24.886557905   -0.812177751   -0.916288010
   24.930683007   -0.876929385   -0.919482106
   24.974808110   -0.946160605   -0.922418913
   25.018933213   -1.020359185   -0.925117513
   25.063058315   -1.100212249   -0.927594496
   25.107183418   -1.186401428   -0.929864315
   25.151308521   -1.279316602   -0.931940214
   25.195433623   -1.378810124   -0.933835095
   25.239558726   -1.484099945   -0.935561760
   25.283683829   -1.593860471   -0.937132431
   25.327808931   -1.706452710   -0.938557962
   25.371934034   -1.820186777   -0.939847372
   25.416059137   -1.933508294   -0.941008042
   25.460184239   -2.045050661   -0.942046476
   25.504309342   -2.153565573   -0.942969074
   25.548434445   -2.257796237   -0.943782403
   25.592559547   -2.356368982   -0.944492805
   25.636684650   -2.447752704   -0.945105668
   25.680809753   -2.530294222   -0.945624912
   25.724934855   -2.602306117   -0.946053087
   25.769059958   -2.662174442   -0.946392011
   25.813185061   -2.708462677   -0.946643502
   25.857310163   -2.740002186   -0.946809676
   25.901435266   -2.755966871   -0.946892608
   25.945560369   -2.755928928   -0.946893616
   25.989685471   -2.739889442   -0.946812696
   26.033810574   -2.708278306   -0.946648524
   26.077935677   -2.661923485   -0.946399023
   26.122060779   -2.601995150   -0.946062077
   26.166185882   -2.529930936   -0.945635869
   26.210310985   -2.447345420   -0.945118578
   26.254436087   -2.355926098   -0.944507650
   26.298561190   -2.257325718   -0.943799154
   26.342686293   -2.153074613   -0.942987697
   26.386811395   -2.044545688   -0.942066933
   26.430936498   -1.932995371   -0.941030294
   26.475061601   -1.819672248   -0.939871381
   26.519186703   -1.705943762   -0.938583687
   26.563311806   -1.593365212   -0.937159824
   26.607436909   -1.483626789   -0.935590763
   26.651562011   -1.378366592   -0.933865640
   26.695687114   -1.278907989   -0.931972228
   26.739812217   -1.186029926   -0.929897724
   26.783937319   -1.099876963   -0.927629224
   26.828062422   -1.020057063   -0.925153479
   26.872187525   -0.945887878   -0.922456028
   26.916312627   -0.876682889   -0.919520268
   26.960437730   -0.811955594   -0.916327103
   27.004562833   -0.751469661   -0.912855405
   27.048687935   -0.695146542   -0.909082931
   27.092813038   -0.642911787   -0.904986981
   27.136938141   -0.594579662   -0.900544206
   27.181063243   -0.549836676   -0.895729570
   27.225188346   -0.508316474   -0.890515101
   27.269313449   -0.469704221   -0.884869284
   27.313438551   -0.433799149   -0.878757586
   27.357563654   -0.400500046   -0.872143793
   27.401688757   -0.369732708   -0.864991210
   27.445813859   -0.341374196   -0.857262690
   27.489938962   -0.315225004   -0.848919107
   27.534064065   -0.291043104   -0.839916925
   27.578189167   -0.268610829   -0.830206267
   27.622314270   -0.247785824   -0.819730989
   27.666439373   -0.228502135   -0.808431438
   27.710564475   -0.210724282   -0.796249414
   27.754689578   -0.194389179   -0.783133876
   27.798814681   -0.179376680   -0.769045658
   27.842939783   -0.165526985   -0.753960037
   27.887064886   -0.152689466   -0.737867028
   27.931189989   -0.140766673   -0.720770172
   27.975315091   -0.129722790   -0.702685029
   28.019440194   -0.119552440   -0.683638328
   28.063565297   -0.110233644   -0.663668146
   28.107690399   -0.101698580   -0.642824868
   28.151815502   -0.093841510   -0.621172404
   28.195940605   -0.086556189   -0.598789105
   28.240065707   -0.079774716   -0.575768035
   28.284190810   -0.073480146   -0.552216455
   28.328315913   -0.067684990   -0.528254431
   28.372441015   -0.062392154   -0.504012582
   28.416566118   -0.057566578   -0.479628996
   28.460691221   -0.053137043   -0.455245552
   28.504816323   -0.049025445   -0.431003955
   28.548941426   -0.045181508   -0.407041897
   28.593066529   -0.041597941   -0.383489642
   28.637191631   -0.038295921   -0.360467170
   28.681316734   -0.035292241   -0.338081928
   28.725441837   -0.032572101   -0.316427244
   28.769566939   -0.030086600   -0.295581533
   28.813692042   -0.027775745   -0.275608448
   28.857817145   -0.025599594   -0.256557903
   28.901942247   -0.023554969   -0.238467547
   28.946067350   -0.021666208   -0.221363960
   28.990192453   -0.019957380   -0.205262845
   29.034317555   -0.018426322   -0.190167974
   29.078442658   -0.017038955   -0.176069397
   29.122567761   -0.015747243   -0.162942092
   29.166692863   -0.014517172   -0.150746354
   29.210817966   -0.013346377   -0.139430645
   29.254943069   -0.012259066   -0.128936562
   29.299068171   -0.011282502   -0.119204577
   29.343193274   -0.010422387   -0.110178800
   29.387318377   -0.009654790   -0.101809438
   29.431443479   -0.008939909   -0.094052681
   29.475568582   -0.008247178   -0.086868851
   29.519693685   -0.007573373   -0.080220231
   29.563818787   -0.006940888   -0.074069806
   29.607943890   -0.006377921   -0.068381360
   29.652068993   -0.005895238   -0.063120485
   29.696194095   -0.005476278   -0.058255620
   29.740319198   -0.005087347   -0.053758375
   29.784444301   -0.004700074   -0.049602984
   29.828569403   -0.004309654   -0.045765321
   29.872694506   -0.003935876   -0.042222148
   29.916819609   -0.003606570   -0.038951005
   29.960944711   -0.003335792   -0.035930678
   30.005069814   -0.003112549   -0.033141806
   30.049194917   -0.002907923   -0.030567116
   30.093320019   -0.002695050   -0.028191114
   30.137445122   -0.002467268   -0.025999424
   30.181570225   -0.002241410   -0.023978230
   30.225695327   -0.002044181   -0.022114134
   30.269820430   -0.001891783   -0.020394451
   30.313945533   -0.001777620   -0.018807653
   30.358070635   -0.001676748   -0.017343593
   30.402195738   -0.001563530   -0.015993321
   30.446320841   -0.001429481   -0.014748609
   30.490445943   -0.001288443   -0.013601504
   30.534571046   -0.001165594   -0.012544190
   30.578696149   -0.001078546   -0.011569192
   30.622821251   -0.001024307   -0.010669740
   30.666946354   -0.000981397   -0.009839982
   30.711071457   -0.000925305   -0.009074880
   30.755196559   -0.000845869   -0.008369861
   30.799321662   -0.000754011   -0.007720447
   30.843446765   -0.000673138   -0.007122120
   30.887571867   -0.000621727   -0.006570476
   30.931696970   -0.000599786   -0.006061533
   30.975822073   -0.000588937   -0.005591935
   31.019947175   -0.000565779   -0.005158908
   31.064072278   -0.000518680   -0.004759986
   31.108197381   -0.000455782   -0.004392702
   31.152322483   -0.000398598   -0.004054455
   31.196447586   -0.000366072   -0.003742629
   31.240572689   -0.000360772   -0.003454853
   31.284697791   -0.000367163   -0.003189202
   31.328822894   -0.000363012   -0.002944184
   31.372947997   -0.000335450   -0.002718526
   31.417073099   -0.000290025   -0.002510909
   31.461198202   -0.000246294   -0.002319836
   31.505323305   -0.000223362   -0.002143723
   31.549448407   -0.000225984   -0.001981120
   31.593573510   -0.000241267   -0.001830905
   31.637698613   -0.000248199   -0.001692300
   31.681823715   -0.000232908   -0.001564694
   31.725948818   -0.000198534   -0.001447417
   31.770073921   -0.000162644   -0.001339607
   31.814199023   -0.000144249   -0.001240274
   31.858324126   -0.000149978   -0.001148498
   31.902449229   -0.000169406   -0.001063608
   31.946574331   -0.000182814   -0.000985215
   31.990699434   -0.000175553   -0.000913077
   32.034824537   -0.000148552   -0.000846888
   32.078949639   -0.000117389   -0.000786157
   32.123074742   -0.000100780   -0.000730242
   32.167199845   -0.000106951   -0.000678529
   32.211324947   -0.000127802   -0.000630599
   32.255450050   -0.000144967   -0.000586274
   32.299575153   -0.000143244   -0.000545508
   32.343700255   -0.000121539   -0.000508202
   32.387825358   -0.000093459   -0.000474078
   32.431950461   -0.000077244   -0.000442705
   32.476075563   -0.000082472   -0.000413646
   32.520200666   -0.000103220   -0.000386619
   32.564325769   -0.000122538   -0.000361557
   32.608450871   -0.000124863   -0.000338517
   32.652575974   -0.000107271   -0.000317514
   32.696701077   -0.000081427   -0.000298400
   32.740826179   -0.000064940   -0.000280871
   32.784951282   -0.000068517   -0.000264597
   32.829076385   -0.000088275   -0.000249372
   32.873201487   -0.000108728   -0.000235183
   32.917326590   -0.000114145   -0.000222139
   32.961451693   -0.000099957   -0.000210317
   33.005576796   -0.000075927   -0.000199650
   33.049701898   -0.000058904   -0.000189914
   33.093827001   -0.000060512   -0.000180845
   33.137952104   -0.000078778   -0.000172277
   33.182077206   -0.000099713   -0.000164222
   33.226202309   -0.000107596   -0.000156807
   33.270327412   -0.000096388   -0.000150147
   33.314452514   -0.000074004   -0.000144221
   33.358577617   -0.000056414   -0.000138861
   33.402702720   -0.000055963   -0.000133844
   33.446827822   -0.000072455   -0.000129026
   33.490952925   -0.000093426   -0.000124425
   33.535078028   -0.000103322   -0.000120174
   33.579203130   -0.000094811   -0.000116404
   33.623328233   -0.000074019   -0.000113128
   33.667453336   -0.000055936   -0.000110216
   33.711578438   -0.000053450   -0.000107472
   33.755703541   -0.000068006   -0.000104765
   33.799828644   -0.000088681   -0.000102110
   33.843953746   -0.000100235   -0.000099635
   33.888078849   -0.000094216   -0.000097481
   33.932203952   -0.000075024   -0.000095682
   33.976329054   -0.000056589   -0.000094135
   34.020454157   -0.000052164   -0.000092666
   34.064579260   -0.000064707   -0.000091150
   34.108704362   -0.000084835   -0.000089593
   34.152829465   -0.000097759   -0.000088116
   34.196954568   -0.000094069   -0.000086862
   34.241079670   -0.000076516   -0.000085881
   34.285204773   -0.000057897   -0.000085091
   34.329329876   -0.000051668   -0.000084336
   34.373454978   -0.000062166   -0.000083492
   34.417580081   -0.000081543   -0.000082556
   34.461705184   -0.000095580   -0.000081641
   34.505830286   -0.000094071   -0.000080886
   34.549955389   -0.000078199   -0.000080353
   34.594080492   -0.000059570   -0.000079980
   34.638205594   -0.000051693   -0.000079623
   34.682330697   -0.000060147   -0.000079161
   34.726455800   -0.000078602   -0.000078581
   34.770580902   -0.000093520   -0.000077983
   34.814706005   -0.000094055   -0.000077504
   34.858831108   -0.000079905   -0.000077215
   34.902956210   -0.000061443   -0.000077068
   34.947081313   -0.000052087   -0.000076934
   34.991206416   -0.000058526   -0.000076692
   35.035331518   -0.000075916   -0.000076318
   35.079456621   -0.000091500   -0.000075901
   35.123581724   -0.000093941   -0.000075574
   35.167706826   -0.000081547   -0.000075414
   35.211831929   -0.000063422   -0.000075388
   35.255957032   -0.000052761   -0.000075377
   35.300082134   -0.000057228   -0.000075262
   35.344207237   -0.000073431   -0.000075011
   35.388332340   -0.000089478   -0.000074700
   35.432457442   -0.000093684   -0.000074455
   35.476582545   -0.000083066   -0.000074361
   35.520707648   -0.000065439   -0.000074397
   35.564832750   -0.000053651   -0.000074454
   35.608957853   -0.000056207   -0.000074416
   35.653082956   -0.000071120   -0.000074240
   35.697208058   -0.000087437   -0.000073992
   35.741333161   -0.000093267   -0.000073792
   35.785458264   -0.000084435   -0.000073729
   35.829583366   -0.000067455   -0.000073794
   35.873708469   -0.000054718   -0.000073888
   35.917833572   -0.000055437   -0.000073896
   35.961958674   -0.000068976   -0.000073770
   36.006083777   -0.000085385   -0.000073561
   36.050208880   -0.000092700   -0.000073385
   36.094333982   -0.000085659   -0.000073334
   36.138459085   -0.000069477   -0.000073409
   36.182584188   -0.000055979   -0.000073522
   36.226709290   -0.000054955   -0.000073560
   36.270834393   -0.000067056   -0.000073466
   36.314959496   -0.000083382   -0.000073284
   36.359084598   -0.000092025   -0.000073121
   36.403209701   -0.000086746   -0.000073071
   36.447334804   -0.000071474   -0.000073146
   36.491459906   -0.000057378   -0.000073267
   36.535585009   -0.000054697   -0.000073323
   36.579710112   -0.000065297   -0.000073254
   36.623835214   -0.000081374   -0.000073091
   36.667960317   -0.000091191   -0.000072934
   36.712085420   -0.000087644   -0.000072879
   36.756210522   -0.000073395   -0.000072947
   36.800335625   -0.000058872   -0.000073069
   36.844460728   -0.000054637   -0.000073138
   36.888585830   -0.000063698   -0.000073087
   36.932710933   -0.000079372   -0.000072937
   36.976836036   -0.000090210   -0.000072782
   37.020961138   -0.000088351   -0.000072719
   37.065086241   -0.000075223   -0.000072775
   37.109211344   -0.000060441   -0.000072893
   37.153336446   -0.000054764   -0.000072968
   37.197461549   -0.000062261   -0.000072931
   37.241586652   -0.000077390   -0.000072791
   37.285711754   -0.000089092   -0.000072635
   37.329836857   -0.000088867   -0.000072559
   37.373961960   -0.000076944   -0.000072600
   37.418087062   -0.000062064   -0.000072708
   37.462212165   -0.000055065   -0.000072785
   37.506337268   -0.000060988   -0.000072755
   37.550462370   -0.000075440   -0.000072620
   37.594587473   -0.000087850   -0.000072459
   37.638712576   -0.000089192   -0.000072366
   37.682837678   -0.000078546   -0.000072387
   37.726962781   -0.000063723   -0.000072479
   37.771087884   -0.000055527   -0.000072550
   37.815212986   -0.000059878   -0.000072521
   37.859338089   -0.000073532   -0.000072384
   37.903463192   -0.000086494   -0.000072210
   37.947588294   -0.000089326   -0.000072094
   37.991713397   -0.000080015   -0.000072085
   38.035838500   -0.000065397   -0.000072153
   38.079963602   -0.000056133   -0.000072207
   38.124088705   -0.000058929   -0.000072166
   38.168213808   -0.000071676   -0.000072016
   38.212338910   -0.000085035   -0.000071819
   38.256464013   -0.000089269   -0.000071666
   38.300589116   -0.000081336   -0.000071614
   38.344714218   -0.000067063   -0.000071639
   38.388839321   -0.000056864   -0.000071658
   38.432964424   -0.000058131   -0.000071587
   38.477089526   -0.000069872   -0.000071404
   38.521214629   -0.000083474   -0.000071161
   38.565339732   -0.000089015   -0.000070949
   38.609464834   -0.000082487   -0.000070827
   38.653589937   -0.000068691   -0.000070782
   38.697715040   -0.000057692   -0.000070733
   38.741840142   -0.000057469   -0.000070597
   38.785965245   -0.000068116   -0.000070344
   38.830090348   -0.000081812   -0.000070017
   38.874215450   -0.000088553   -0.000069703
   38.918340553   -0.000083445   -0.000069466
   38.962465656   -0.000070245   -0.000069298
   39.006590758   -0.000058581   -0.000069127
   39.050715861   -0.000056916   -0.000068866
   39.094840964   -0.000066391   -0.000068478
   39.138966066   -0.000080029   -0.000067997
   39.183091169   -0.000087853   -0.000067506
   39.227216272   -0.000084162   -0.000067071
   39.271341374   -0.000071665   -0.000066691
   39.315466477   -0.000059467   -0.000066298
   39.359591580   -0.000056413   -0.000065804
   39.403716682   -0.000064647   -0.000065165
   39.447841785   -0.000078079   -0.000064405
   39.491966888   -0.000086860   -0.000063601
   39.536091990   -0.000084566   -0.000062820
   39.580217093   -0.000072863   -0.000062065
   39.624342196   -0.000060258   -0.000061275
   39.668467298   -0.000055874   -0.000060358
   39.712592401   -0.000062802   -0.000059260
   39.756717504   -0.000075878   -0.000057997
   39.800842606   -0.000085475   -0.000056637
   39.844967709   -0.000084534   -0.000055244
   39.889092812   -0.000073694   -0.000053827
   39.933217914   -0.000060793   -0.000052323
   39.977343017   -0.000055130   -0.000050640
   40.021468120   -0.000060686   -0.000048714
   40.065593222   -0.000073243   -0.000046545
   40.109718325   -0.000083492   -0.000044190
   40.153843428   -0.000083831   -0.000041711
   40.197968530   -0.000073894   -0.000039112
   40.242093633   -0.000060787   -0.000036334
   40.286218736   -0.000053886   -0.000033275
   40.330343838   -0.000057991   -0.000029857
   40.374468941   -0.000069853   -0.000026065
   40.418594044   -0.000080564   -0.000021938
   40.462719146   -0.000082070   -0.000017525
   40.506844249   -0.000073030   -0.000012827
   40.550969352   -0.000059768   -0.000007774
   40.595094454   -0.000051634   -0.000002255
   40.639219557   -0.000054179    0.000003832
   40.683344660   -0.000065123    0.000010527
   40.727469762   -0.000076044    0.000017815
   40.771594865   -0.000078529    0.000025669
   40.815719968   -0.000070302    0.000034105
   40.859845070   -0.000056858    0.000043211
   40.903970173   -0.000047424    0.000053124
   40.948095276   -0.000048227    0.000063975
   40.992220378   -0.000057955    0.000075847
   41.036345481   -0.000068741    0.000088764
   41.080470584   -0.000071911    0.000102737
   41.124595686   -0.000064297    0.000117817
   41.168720789   -0.000050526    0.000134130
   41.212845892   -0.000039612    0.000151856
   41.256970994   -0.000038367    0.000171185
   41.301096097   -0.000046439    0.000192259
   41.345221200   -0.000056582    0.000215172
   41.389346302   -0.000059947    0.000240003
   41.433471405   -0.000052528    0.000266871
   41.477596508   -0.000038053    0.000295972
   41.521721610   -0.000025228    0.000327570
   41.565846713   -0.000021370    0.000361946
   41.609971816   -0.000027061    0.000399352
   41.654096918   -0.000035730    0.000439996
   41.698222021   -0.000038449    0.000484074
   41.742347124   -0.000030429    0.000531830
   41.786472226   -0.000014473    0.000583591
   41.830597329    0.000001105    0.000639766
   41.874722432    0.000008580    0.000700800
   41.918847534    0.000006471    0.000767126
   41.962972637    0.000000625    0.000839151
   42.007097740   -0.000000033    0.000917281
   42.051222842    0.000010019    0.001001979
   42.095347945    0.000028918    0.001093810
   42.139473048    0.000048838    0.001193442
   42.183598150    0.000061747    0.001301609
   42.227723253    0.000065311    0.001419063
   42.271848356    0.000064626    0.001546553
   42.315973458    0.000068538    0.001684852
   42.360098561    0.000083243    0.001834817
   42.404223664    0.000107840    0.001997434
   42.448348766    0.000135076    0.002173829
   42.492473869    0.000156720    0.002365238
   42.536598972    0.000169648    0.002572959
   42.580724074    0.000178187    0.002798333
   42.624849177    0.000191043    0.003042770
   42.668974280    0.000215037    0.003307804
   42.713099382    0.000250253    0.003595152
   42.757224485    0.000290114    0.003906728
   42.801349588    0.000326319    0.004244624
   42.845474690    0.000355044    0.004611061
   42.889599793    0.000379872    0.005008375
   42.933724896    0.000409330    0.005439040
   42.977849998    0.000450844    0.005905722
   43.021975101    0.000505528    0.006411344
   43.066100204    0.000567598    0.006959109
   43.110225306    0.000628841    0.007552480
   43.154350409    0.000684858    0.008195143
   43.198475512    0.000738535    0.008890983
   43.242600614    0.000798218    0.009644101
   43.286725717    0.000871939    0.010458873
   43.330850820    0.000961903    0.011340002
   43.374975922    0.001063273    0.012292551
   43.419101025    0.001168118    0.013321916
   43.463226128    0.001271641    0.014433787
   43.507351230    0.001376155    0.015634112
   43.551476333    0.001489895    0.016929095
   43.595601436    0.001621573    0.018325241
   43.639726538    0.001774637    0.019829393
   43.683851641    0.001945435    0.021448747
   43.727976744    0.002126616    0.023190816
   43.772101846    0.002313284    0.025063357
   43.816226949    0.002507413    0.027074311
   43.860352052    0.002717322    0.029231769
   43.904477154    0.002952594    0.031543969
   43.948602257    0.003218178    0.034019314
   43.992727360    0.003511956    0.036666340
   44.036852462    0.003827583    0.039493654
   44.080977565    0.004160493    0.042509822
