    0.000000000    0.000000013    0.000000000
    0.044125103   -0.000000024    0.000000000
    0.088250205   -0.000000044    0.000000001
    0.132375308   -0.000000031    0.000000001
    0.176500411    0.000000004    0.000000000
    0.220625513    0.000000037   -0.000000000
    0.264750616    0.000000042   -0.000000000
    0.308875719    0.000000017    0.000000000
    0.353000821   -0.000000020    0.000000000
    0.397125924   -0.000000043    0.000000001
    0.441251027   -0.000000034    0.000000001
    0.485376129   -0.000000000    0.000000000
    0.529501232    0.000000034   -0.000000000
    0.573626335    0.000000043   -0.000000000
    0.617751437    0.000000021    0.000000000
    0.661876540   -0.000000016    0.000000000
    0.706001643   -0.000000041    0.000000001
    0.750126745   -0.000000036    0.000000001
    0.794251848   -0.000000005    0.000000000
    0.838376951    0.000000031    0.000000000
    0.882502053    0.000000044   -0.000000000
    0.926627156    0.000000025    0.000000000
    0.970752259   -0.000000012    0.000000000
    1.014877361   -0.000000040    0.000000001
    1.059002464   -0.000000038    0.000000001
    1.103127567   -0.000000009    0.000000000
    1.147252669    0.000000027    0.000000000
    1.191377772    0.000000044   -0.000000000
    1.235502875    0.000000028   -0.000000000
    1.279627977   -0.000000007    0.000000000
    1.323753080   -0.000000038    0.000000000
    1.367878183   -0.000000040    0.000000001
    1.412003285   -0.000000013    0.000000000
    1.456128388    0.000000023    0.000000000
    1.500253491    0.000000043   -0.000000000
    1.544378593    0.000000031   -0.000000000
    1.588503696   -0.000000003    0.000000000
    1.632628799   -0.000000035    0.000000000
    1.676753901   -0.000000041    0.000000001
    1.720879004   -0.000000017    0.000000000
    1.765004107    0.000000020    0.000000000
    1.809129209    0.000000042   -0.000000000
    1.853254312    0.000000034   -0.000000000
    1.897379415    0.000000001    0.000000000
    1.941504517   -0.000000032    0.000000000
    1.985629620   -0.000000042    0.000000001
    2.029754723   -0.000000021    0.000000000
    2.073879825    0.000000016    0.000000000
    2.118004928    0.000000041   -0.000000000
    2.162130031    0.000000036   -0.000000000
    2.206255133    0.000000006    0.000000000
    2.250380236   -0.000000029    0.000000000
    2.294505339   -0.000000043    0.000000001
    2.338630441   -0.000000025    0.000000000
    2.382755544    0.000000011    0.000000000
    2.426880647    0.000000039   -0.000000000
    2.471005749    0.000000039   -0.000000000
    2.515130852    0.000000010    0.000000000
    2.559255955   -0.000000026    0.000000000
    2.603381057   -0.000000042    0.000000001
    2.647506160   -0.000000028    0.000000000
    2.691631263    0.000000007    0.000000000
    2.735756365    0.000000037   -0.000000000
    2.779881468    0.000000040   -0.000000000
    2.824006571    0.000000014    0.000000000
    2.868131673   -0.000000022    0.000000000
    2.912256776   -0.000000042    0.000000001
    2.956381879   -0.000000031    0.000000000
    3.000506981    0.000000003    0.000000000
    3.044632084    0.000000035   -0.000000000
    3.088757187    0.000000041   -0.000000000
    3.132882289    0.000000018    0.000000000
    3.177007392   -0.000000018    0.000000000
    3.221132495   -0.000000041    0.000000001
    3.265257597   -0.000000034    0.000000000
    3.309382700   -0.000000002    0.000000000
    3.353507803    0.000000032   -0.000000000
    3.397632905    0.000000042   -0.000000000
    3.441758008    0.000000022    0.000000000
    3.485883111   -0.000000014    0.000000000
    3.530008213   -0.000000040    0.000000001
    3.574133316   -0.000000036    0.000000000
    3.618258419   -0.000000006    0.000000000
    3.662383521    0.000000029   -0.000000000
    3.706508624    0.000000043   -0.000000000
    3.750633727    0.000000025    0.000000000
    3.794758829   -0.000000010    0.000000000
    3.838883932   -0.000000038    0.000000001
    3.883009035   -0.000000038    0.000000001
    3.927134137   -0.000000010    0.000000000
    3.971259240    0.000000026    0.000000000
    4.015384343    0.000000043   -0.000000000
    4.059509445    0.000000029   -0.000000000
    4.103634548   -0.000000006    0.000000000
    4.147759651   -0.000000036    0.000000000
    4.191884753   -0.000000040    0.000000001
    4.236009856   -0.000000014    0.000000000
    4.280134959    0.000000022    0.000000000
    4.324260061    0.000000042   -0.000000000
    4.368385164    0.000000032   -0.000000000
    4.412510267   -0.000000002    0.000000000
    4.456635369   -0.000000034    0.000000000
    4.500760472   -0.000000041    0.000000001
    4.544885575   -0.000000018    0.000000000
    4.589010677    0.000000018    0.000000000
    4.633135780    0.000000042   -0.000000000
    4.677260883    0.000000035   -0.000000000
    4.721385985    0.000000003    0.000000000
    4.765511088   -0.000000031    0.000000000
    4.809636191   -0.000000042    0.000000001
    4.853761293   -0.000000022    0.000000000
    4.897886396    0.000000014    0.000000000
    4.942011499    0.000000040   -0.000000000
    4.986136601    0.000000037   -0.000000000
    5.030261704    0.000000007    0.000000000
    5.074386807   -0.000000028    0.000000000
    5.118511909   -0.000000042    0.000000001
    5.162637012   -0.000000026    0.000000000
    5.206762115    0.000000010    0.000000000
    5.250887217    0.000000039   -0.000000000
    5.295012320    0.000000039   -0.000000000
    5.339137423    0.000000011    0.000000000
    5.383262525   -0.000000025    0.000000000
    5.427387628   -0.000000043    0.000000001
    5.471512731   -0.000000029    0.000000000
    5.515637833    0.000000006    0.000000000
    5.559762936    0.000000037   -0.000000000
    5.603888039    0.000000041   -0.000000000
    5.648013141    0.000000015    0.000000000
    5.692138244   -0.000000021    0.000000000
    5.736263347   -0.000000042    0.000000001
    5.780388449   -0.000000032    0.000000000
    5.824513552    0.000000002    0.000000000
    5.868638655    0.000000034   -0.000000000
    5.912763757    0.000000042   -0.000000000
    5.956888860    0.000000019    0.000000000
    6.001013963   -0.000000017    0.000000000
    6.045139065   -0.000000041    0.000000001
    6.089264168   -0.000000035    0.000000000
    6.133389271   -0.000000003    0.000000000
    6.177514373    0.000000032   -0.000000000
    6.221639476    0.000000043   -0.000000000
    6.265764579    0.000000023    0.000000000
    6.309889681   -0.000000013    0.000000000
    6.354014784   -0.000000040    0.000000001
    6.398139887   -0.000000037    0.000000000
    6.442264989   -0.000000007    0.000000000
    6.486390092    0.000000028   -0.000000000
    6.530515195    0.000000044   -0.000000000
    6.574640297    0.000000027    0.000000000
    6.618765400   -0.000000009    0.000000000
    6.662890503   -0.000000038    0.000000001
    6.707015606   -0.000000040    0.000000001
    6.751140708   -0.000000012    0.000000000
    6.795265811    0.000000025    0.000000000
    6.839390914    0.000000044   -0.000000000
    6.883516016    0.000000030    0.000000000
    6.927641119   -0.000000005    0.000000000
    6.971766222   -0.000000036    0.000000001
    7.015891324   -0.000000041    0.000000001
    7.060016427   -0.000000016    0.000000000
    7.104141530    0.000000021    0.000000000
    7.148266632    0.000000043   -0.000000000
    7.192391735    0.000000034   -0.000000000
    7.236516838   -0.000000000    0.000000000
    7.280641940   -0.000000034    0.000000001
    7.324767043   -0.000000043    0.000000001
    7.368892146   -0.000000020    0.000000000
    7.413017248    0.000000018    0.000000000
    7.457142351    0.000000042   -0.000000000
    7.501267454    0.000000037   -0.000000000
    7.545392556    0.000000004    0.000000000
    7.589517659   -0.000000031    0.000000001
    7.633642762   -0.000000044    0.000000001
    7.677767864   -0.000000024    0.000000000
    7.721892967    0.000000013    0.000000000
    7.766018070    0.000000041   -0.000000000
    7.810143172    0.000000039   -0.000000000
    7.854268275    0.000000009    0.000000000
    7.898393378   -0.000000028    0.000000000
    7.942518480   -0.000000044    0.000000001
    7.986643583   -0.000000028    0.000000000
    8.030768686    0.000000009    0.000000000
    8.074893788    0.000000040   -0.000000000
    8.119018891    0.000000041   -0.000000000
    8.163143994    0.000000013    0.000000000
    8.207269096   -0.000000025    0.000000000
    8.251394199   -0.000000044    0.000000001
    8.295519302   -0.000000031    0.000000000
    8.339644404    0.000000005    0.000000000
    8.383769507    0.000000038   -0.000000000
    8.427894610    0.000000043   -0.000000000
    8.472019712    0.000000017    0.000000000
    8.516144815   -0.000000021    0.000000000
    8.560269918   -0.000000044    0.000000001
    8.604395020   -0.000000035    0.000000000
    8.648520123    0.000000000    0.000000000
    8.692645226    0.000000035   -0.000000000
    8.736770328    0.000000045   -0.000000000
    8.780895431    0.000000022    0.000000000
    8.825020534   -0.000000017    0.000000000
    8.869145636   -0.000000043    0.000000001
    8.913270739   -0.000000038    0.000000001
    8.957395842   -0.000000004    0.000000000
    9.001520944    0.000000032   -0.000000000
    9.045646047    0.000000046   -0.000000000
    9.089771150    0.000000026    0.000000000
    9.133896252   -0.000000013    0.000000000
    9.178021355   -0.000000042    0.000000001
    9.222146458   -0.000000040    0.000000001
    9.266271560   -0.000000009    0.000000000
    9.310396663    0.000000029   -0.000000000
    9.354521766    0.000000046   -0.000000000
    9.398646868    0.000000030    0.000000000
    9.442771971   -0.000000008    0.000000000
    9.486897074   -0.000000040    0.000000001
    9.531022176   -0.000000043    0.000000001
    9.575147279   -0.000000014    0.000000000
    9.619272382    0.000000026    0.000000000
    9.663397484    0.000000047   -0.000000000
    9.707522587    0.000000034    0.000000000
    9.751647690   -0.000000004    0.000000000
    9.795772792   -0.000000038    0.000000001
    9.839897895   -0.000000045    0.000000001
    9.884022998   -0.000000018    0.000000000
    9.928148100    0.000000022    0.000000000
    9.972273203    0.000000046   -0.000000000
   10.016398306    0.000000037    0.000000000
   10.060523408    0.000000001    0.000000000
   10.104648511   -0.000000036    0.000000001
   10.148773614   -0.000000046    0.000000001
   10.192898716   -0.000000023    0.000000000
   10.237023819    0.000000018    0.000000000
   10.281148922    0.000000045   -0.000000000
   10.325274024    0.000000040    0.000000000
   10.369399127    0.000000006    0.000000000
   10.413524230   -0.000000033    0.000000001
   10.457649332   -0.000000047    0.000000001
   10.501774435   -0.000000027    0.000000000
   10.545899538    0.000000013    0.000000000
   10.590024640    0.000000044   -0.000000000
   10.634149743    0.000000043    0.000000000
   10.678274846    0.000000011    0.000000000
   10.722399948   -0.000000030    0.000000001
   10.766525051   -0.000000048    0.000000001
   10.810650154   -0.000000031    0.000000000
   10.854775256    0.000000009    0.000000000
   10.898900359    0.000000043   -0.000000000
   10.943025462    0.000000046   -0.000000000
   10.987150564    0.000000015    0.000000000
   11.031275667   -0.000000026    0.000000001
   11.075400770   -0.000000048    0.000000001
   11.119525872   -0.000000035    0.000000000
   11.163650975    0.000000004    0.000000000
   11.207776078    0.000000041   -0.000000000
   11.251901180    0.000000048   -0.000000000
   11.296026283    0.000000020    0.000000000
   11.340151386   -0.000000022    0.000000001
   11.384276488   -0.000000048    0.000000001
   11.428401591   -0.000000039    0.000000001
   11.472526694   -0.000000001    0.000000000
   11.516651796    0.000000038   -0.000000000
   11.560776899    0.000000050   -0.000000000
   11.604902002    0.000000025    0.000000000
   11.649027104   -0.000000018    0.000000001
   11.693152207   -0.000000047    0.000000001
   11.737277310   -0.000000042    0.000000001
   11.781402412   -0.000000006    0.000000000
   11.825527515    0.000000035   -0.000000000
   11.869652618    0.000000051   -0.000000000
   11.913777720    0.000000030    0.000000000
   11.957902823   -0.000000013    0.000000001
   12.002027926   -0.000000046    0.000000001
   12.046153028   -0.000000045    0.000000001
   12.090278131   -0.000000011    0.000000000
   12.134403234    0.000000032    0.000000000
   12.178528336    0.000000052   -0.000000000
   12.222653439    0.000000034    0.000000000
   12.266778542   -0.000000008    0.000000001
   12.310903644   -0.000000044    0.000000001
   12.355028747   -0.000000048    0.000000001
   12.399153850   -0.000000016    0.000000000
   12.443278952    0.000000028    0.000000000
   12.487404055    0.000000052    0.000000000
   12.531529158    0.000000039    0.000000000
   12.575654260   -0.000000003    0.000000001
   12.619779363   -0.000000042    0.000000001
   12.663904466   -0.000000051    0.000000001
   12.708029568   -0.000000022    0.000000001
   12.752154671    0.000000024    0.000000000
   12.796279774    0.000000052    0.000000000
   12.840404876    0.000000043    0.000000000
   12.884529979    0.000000002    0.000000001
   12.928655082   -0.000000040    0.000000001
   12.972780184   -0.000000052    0.000000001
   13.016905287   -0.000000027    0.000000001
   13.061030390    0.000000019    0.000000000
   13.105155492    0.000000051    0.000000000
   13.149280595    0.000000047    0.000000000
   13.193405698    0.000000008    0.000000001
   13.237530800   -0.000000036    0.000000001
   13.281655903   -0.000000054    0.000000001
   13.325781006   -0.000000032    0.000000001
   13.369906108    0.000000014    0.000000001
   13.414031211    0.000000050    0.000000001
   13.458156314    0.000000050    0.000000001
   13.502281416    0.000000013    0.000000001
   13.546406519   -0.000000033    0.000000002
   13.590531622   -0.000000055    0.000000002
   13.634656724   -0.000000037    0.000000001
   13.678781827    0.000000009    0.000000001
   13.722906930    0.000000049    0.000000001
   13.767032032    0.000000053    0.000000001
   13.811157135    0.000000019    0.000000002
   13.855282238   -0.000000029    0.000000002
   13.899407340   -0.000000055    0.000000002
   13.943532443   -0.000000041    0.000000002
   13.987657546    0.000000004    0.000000002
   14.031782648    0.000000046    0.000000002
   14.075907751    0.000000056    0.000000002
   14.120032854    0.000000025    0.000000003
   14.164157956   -0.000000024    0.000000003
   14.208283059   -0.000000055    0.000000004
   14.252408162   -0.000000046    0.000000004
   14.296533264   -0.000000002    0.000000004
   14.340658367    0.000000044    0.000000004
   14.384783470    0.000000058    0.000000004
   14.428908572    0.000000031    0.000000005
   14.473033675   -0.000000019    0.000000005
   14.517158778   -0.000000055    0.000000006
   14.561283880   -0.000000050    0.000000006
   14.605408983   -0.000000008    0.000000006
   14.649534086    0.000000041    0.000000007
   14.693659188    0.000000061    0.000000007
   14.737784291    0.000000037    0.000000008
   14.781909394   -0.000000013    0.000000009
   14.826034496   -0.000000053    0.000000010
   14.870159599   -0.000000053    0.000000011
   14.914284702   -0.000000014    0.000000011
   14.958409804    0.000000037    0.000000012
   15.002534907    0.000000062    0.000000013
   15.046660010    0.000000043    0.000000014
   15.090785112   -0.000000007    0.000000016
   15.134910215   -0.000000051    0.000000017
   15.179035318   -0.000000056    0.000000018
   15.223160420   -0.000000019    0.000000020
   15.267285523    0.000000034    0.000000021
   15.311410626    0.000000064    0.000000023
   15.355535728    0.000000049    0.000000025
   15.399660831    0.000000000    0.000000028
   15.443785934   -0.000000047    0.000000030
   15.487911036   -0.000000058    0.000000033
   15.532036139   -0.000000024    0.000000035
   15.576161242    0.000000031    0.000000038
   15.620286344    0.000000066    0.000000041
   15.664411447    0.000000056    0.000000045
   15.708536550    0.000000008    0.000000049
   15.752661652   -0.000000043    0.000000053
   15.796786755   -0.000000059    0.000000058
   15.840911858   -0.000000028    0.000000062
   15.885036960    0.000000028    0.000000067
   15.929162063    0.000000068    0.000000073
   15.973287166    0.000000064    0.000000079
   16.017412268    0.000000018    0.000000087
   16.061537371   -0.000000035    0.000000095
   16.105662474   -0.000000057    0.000000103
   16.149787576   -0.000000029    0.000000111
   16.193912679    0.000000028    0.000000120
   16.238037782    0.000000073    0.000000131
   16.282162884    0.000000075    0.000000142
   16.326287987    0.000000031    0.000000155
   16.370413090   -0.000000025    0.000000169
   16.414538192   -0.000000052    0.000000184
   16.458663295   -0.000000029    0.000000199
   16.502788398    0.000000028    0.000000216
   16.546913500    0.000000079    0.000000234
   16.591038603    0.000000087    0.000000254
   16.635163706    0.000000047    0.000000277
   16.679288808   -0.000000011    0.000000301
   16.723413911   -0.000000042    0.000000327
   16.767539014   -0.000000022    0.000000355
   16.811664116    0.000000037    0.000000386
   16.855789219    0.000000094    0.000000419
   16.899914322    0.000000110    0.000000456
   16.944039424    0.000000075    0.000000497
   16.988164527    0.000000018    0.000000540
   17.032289630   -0.000000018    0.000000588
   17.076414732   -0.000000002    0.000000638
   17.120539835    0.000000057    0.000000693
   17.164664938    0.000000120    0.000000753
   17.208790040    0.000000143    0.000000819
   17.252915143    0.000000114    0.000000890
   17.297040246    0.000000056    0.000000968
   17.341165348    0.000000017    0.000001051
   17.385290451    0.000000030    0.000001142
   17.429415554    0.000000092    0.000001240
   17.473540656    0.000000163    0.000001348
   17.517665759    0.000000199    0.000001465
   17.561790862    0.000000180    0.000001593
   17.605915964    0.000000129    0.000001732
   17.650041067    0.000000091    0.000001883
   17.694166170    0.000000106    0.000002046
   17.738291272    0.000000173    0.000002223
   17.782416375    0.000000257    0.000002416
   17.826541478    0.000000307    0.000002626
   17.870666580    0.000000301    0.000002855
   17.914791683    0.000000256    0.000003103
   17.958916786    0.000000220    0.000003372
   18.003041888    0.000000236    0.000003663
   18.047166991    0.000000310    0.000003978
   18.091292094    0.000000407    0.000004321
   18.135417196    0.000000476    0.000004694
   18.179542299    0.000000489    0.000005099
   18.223667402    0.000000461    0.000005539
   18.267792504    0.000000440    0.000006017
   18.311917607    0.000000471    0.000006535
   18.356042710    0.000000566    0.000007098
   18.400167812    0.000000693    0.000007710
   18.444292915    0.000000800    0.000008375
   18.488418018    0.000000851    0.000009098
   18.532543120    0.000000857    0.000009883
   18.576668223    0.000000864    0.000010734
   18.620793326    0.000000923    0.000011658
   18.664918428    0.000001052    0.000012660
   18.709043531    0.000001220    0.000013747
   18.753168634    0.000001373    0.000014927
   18.797293736    0.000001474    0.000016207
   18.841418839    0.000001527    0.000017596
   18.885543942    0.000001581    0.000019102
   18.929669044    0.000001690    0.000020736
   18.973794147    0.000001879    0.000022507
   19.017919250    0.000002123    0.000024430
   19.062044352    0.000002368    0.000026517
   19.106169455    0.000002569    0.000028783
   19.150294558    0.000002729    0.000031242
   19.194419660    0.000002892    0.000033910
   19.238544763    0.000003118    0.000036805
   19.282669866    0.000003437    0.000039945
   19.326794968    0.000003826    0.000043352
   19.370920071    0.000004230    0.000047049
   19.415045174    0.000004601    0.000051059
   19.459170276    0.000004933    0.000055409
   19.503295379    0.000005271    0.000060125
   19.547420482    0.000005681    0.000065237
   19.591545584    0.000006199    0.000070780
   19.635670687    0.000006813    0.000076791
   19.679795790    0.000007469    0.000083310
   19.723920892    0.000008117    0.000090380
   19.768045995    0.000008749    0.000098048
   19.812171098    0.000009413    0.000106364
   19.856296201    0.000010180    0.000115384
   19.900421303    0.000011097    0.000125168
   19.944546406    0.000012157    0.000135783
   19.988671509    0.000013309    0.000147300
   20.032796611    0.000014497    0.000159795
   20.076921714    0.000015708    0.000173350
   20.121046817    0.000016986    0.000188055
   20.165171919    0.000018407    0.000204005
   20.209297022    0.000020025    0.000221304
   20.253422125    0.000021842    0.000240069
   20.297547227    0.000023811    0.000260421
   20.341672330    0.000025877    0.000282496
   20.385797433    0.000028027    0.000306438
   20.429922535    0.000030312    0.000332404
   20.474047638    0.000032822    0.000360565
   20.518172741    0.000035633    0.000391110
   20.562297843    0.000038765    0.000424242
   20.606422946    0.000042186    0.000460182
   20.650548049    0.000045848    0.000499170
   20.694673151    0.000049743    0.000541464
   20.738798254    0.000053929    0.000587343
   20.782923357    0.000058507    0.000637107
   20.827048459    0.000063569    0.000691083
   20.871173562    0.000069150    0.000749624
   20.915298665    0.000075225    0.000813110
   20.959423767    0.000081750    0.000881949
   21.003548870    0.000088718    0.000956582
   21.047673973    0.000096197    0.001037482
   21.091799075    0.000104308    0.001125159
   21.135924178    0.000113175    0.001220169
   21.180049281    0.000122870    0.001323108
   21.224174383    0.000133404    0.001434621
   21.268299486    0.000144767    0.001555402
   21.312424589    0.000156988    0.001686196
   21.356549691    0.000170179    0.001827804
   21.400674794    0.000184513    0.001981087
   21.444799897    0.000200174    0.002146969
   21.488924999    0.000217294    0.002326440
   21.533050102    0.000235932    0.002520554
   21.577175205    0.000256120    0.002730434
   21.621300307    0.000277923    0.002957269
   21.665425410    0.000301490    0.003202318
   21.709550513    0.000327045    0.003466915
   21.753675615    0.000354832    0.003752470
   21.797800718    0.000385049    0.004060468
   21.841925821    0.000417829    0.004392471
   21.886050923    0.000453279    0.004750113
   21.930176026    0.000491552    0.005135098
   21.974301129    0.000532908    0.005549206
   22.018426231    0.000577711    0.005994283
   22.062551334    0.000626370    0.006472244
   22.106676437    0.000679268    0.006985049
   22.150801539    0.000736729    0.007534689
   22.194926642    0.000799051    0.008123159
   22.239051745    0.000866585    0.008752433
   22.283176847    0.000939798    0.009424438
   22.327301950    0.001019273    0.010141037
   22.371427053    0.001105653    0.010903992
   22.415552155    0.001199558    0.011714926
   22.459677258    0.001301545    0.012575270
   22.503802361    0.001412149    0.013486196
   22.547927463    0.001531968    0.014448566
   22.592052566    0.001661750    0.015462895
   22.636177669    0.001802411    0.016529345
   22.680302771    0.001954982    0.017647747
   22.724427874    0.002120525    0.018817627
   22.768552977    0.002300090    0.020038234
   22.812678079    0.002494755    0.021308536
   22.856803182    0.002705723    0.022627191
   22.900928285    0.002934412    0.023992492
   22.945053387    0.003182486    0.025402306
   22.989178490    0.003451780    0.026854033
   23.033303593    0.003744205    0.028344599
   23.077428695    0.004061677    0.029870486
   23.121553798    0.004406149    0.031427816
   23.165678901    0.004779713    0.033012456
   23.209804003    0.005184713    0.034620148
   23.253929106    0.005623778    0.036246638
   23.298054209    0.006099774    0.037887789
   23.342179311    0.006615691    0.039539646
   23.386304414    0.007174594    0.041198465
   23.430429517    0.007779664    0.042860680
   23.474554619    0.008434347    0.044522829
   23.518679722    0.009142502    0.046181447
   23.562804825    0.009908468    0.047832968
   23.606929927    0.010737006    0.049473645
   23.651055030    0.011633170    0.051099521
   23.695180133    0.012602215    0.052706452
   23.739305235    0.013649612    0.054290180
   23.783430338    0.014781180    0.055846442
   23.827555441    0.016003220    0.057371101
   23.871680543    0.017322545    0.058860273
   23.915805646    0.018746363    0.060310436
   23.959930749    0.020282065    0.061718509
   24.004055851    0.021937063    0.063081884
   24.048180954    0.023718795    0.064398419
   24.092306057    0.025634874    0.065666397
   24.136431159    0.027693270    0.066884462
   24.180556262    0.029902368    0.068051572
   24.224681365    0.032270819    0.069166960
   24.268806467    0.034807277    0.070230138
   24.312931570    0.037520173    0.071240916
   24.357056673    0.040417700    0.072199437
   24.401181775    0.043507958    0.073106194
   24.445306878    0.046799082    0.073962026
   24.489431981    0.050299071    0.074768082
   24.533557083    0.054015203    0.075525760
   24.577682186    0.057953155    0.076236655
   24.621807289    0.062116166    0.076902492
   24.665932391    0.066504606    0.077525092
   24.710057494    0.071116017    0.078106342
   24.754182597    0.075945374    0.078648169
   24.798307699    0.080985048    0.079152518
   24.842432802    0.086224072    0.079621324
   24.886557905    0.091646726    0.080056490
   24.930683007    0.097231021    0.080459861
   24.974808110    0.102947957    0.080833214
   25.018933213    0.108762286    0.081178249
   25.063058315    0.114634863    0.081496591
   25.107183418    0.120525891    0.081789786
   25.151308521    0.126397789    0.082059297
   25.195433623    0.132216467    0.082306506
   25.239558726    0.137950415    0.082532708
   25.283683829    0.143567965    0.082739112
   25.327808931    0.149033914    0.082926843
   25.371934034    0.154306983    0.083096946
   25.416059137    0.159339254    0.083250385
   25.460184239    0.164078009    0.083388045
   25.504309342    0.168469555    0.083510726
   25.548434445    0.172464085    0.083619148
   25.592559547    0.176020484    0.083713951
   25.636684650    0.179110111    0.083795696
   25.680809753    0.181718902    0.083864870
   25.724934855    0.183847390    0.083921887
   25.769059958    0.185508515    0.083967092
   25.813185061    0.186723402    0.084000756
   25.857310163    0.187515708    0.084023078
   25.901435266    0.187905579    0.084034190
   25.945560369    0.187904539    0.084034157
   25.989685471    0.187512551    0.084022978
   26.033810574    0.186718033    0.084000588
   26.077935677    0.185500799    0.083966856
   26.122060779    0.183837185    0.083921582
   26.166185882    0.181706095    0.083864493
   26.210310985    0.179094648    0.083795246
   26.254436087    0.176002387    0.083713426
   26.298561190    0.172443462    0.083618545
   26.342686293    0.168446594    0.083510041
   26.386811395    0.164052964    0.083387276
   26.430936498    0.159312420    0.083249528
   26.475061601    0.154278669    0.083095995
   26.519186703    0.149004418    0.082925794
   26.563311806    0.143537554    0.082737959
   26.607436909    0.137919322    0.082531446
   26.651562011    0.132184893    0.082305129
   26.695687114    0.126365921    0.082057797
   26.739812217    0.120493915    0.081788157
   26.783937319    0.114602975    0.081494826
   26.828062422    0.108730690    0.081176339
   26.872187525    0.102916855    0.080831150
   26.916312627    0.097200596    0.080457636
   26.960437730    0.091617133    0.080054094
   27.004562833    0.086195426    0.079618749
   27.048687935    0.080957431    0.079149754
   27.092813038    0.075918838    0.078645206
   27.136938141    0.071090597    0.078103170
   27.181063243    0.066480325    0.077521701
   27.225188346    0.062093037    0.076898872
   27.269313449    0.057931180    0.076232797
   27.313438551    0.053994373    0.075521655
   27.357563654    0.050279366    0.074763720
   27.401688757    0.046780473    0.073957400
   27.445813859    0.043490412    0.073101296
   27.489938962    0.040401181    0.072194261
   27.534064065    0.037504648    0.071235459
   27.578189167    0.034792709    0.070224396
   27.622314270    0.032257171    0.069160934
   27.666439373    0.029889599    0.068045262
   27.710564475    0.027681337    0.066877871
   27.754689578    0.025623733    0.065659529
   27.798814681    0.023708403    0.064391281
   27.842939783    0.021927376    0.063074484
   27.887064886    0.020273043    0.061710857
   27.931189989    0.018737965    0.060302546
   27.975315091    0.017314729    0.058852160
   28.019440194    0.015995946    0.057362785
   28.063565297    0.014774410    0.055837942
   28.107690399    0.013643311    0.054281519
   28.151815502    0.012596352    0.052697654
   28.195940605    0.011627717    0.051090609
   28.240065707    0.010731935    0.049464642
   28.284190810    0.009903755    0.047823896
   28.328315913    0.009138123    0.046172327
   28.372441015    0.008430280    0.044513681
   28.416566118    0.007775889    0.042851522
   28.460691221    0.007171092    0.041189316
   28.504816323    0.006612447    0.039530524
   28.548941426    0.006096770    0.037878714
   28.593066529    0.005620998    0.036237631
   28.637191631    0.005182139    0.034611230
   28.681316734    0.004777330    0.033003652
   28.725441837    0.004403941    0.031419149
   28.769566939    0.004059631    0.029861978
   28.813692042    0.003742309    0.028336273
   28.857817145    0.003450022    0.026845910
   28.901942247    0.003180855    0.025394404
   28.946067350    0.002932899    0.023984828
   28.990192453    0.002704317    0.022619778
   29.034317555    0.002493449    0.021301383
   29.078442658    0.002298877    0.020031350
   29.122567761    0.002119400    0.018811018
   29.166692863    0.001953940    0.017641417
   29.210817966    0.001801447    0.016523297
   29.254943069    0.001660858    0.015457130
   29.299068171    0.001531143    0.014443083
   29.343193274    0.001411387    0.013480993
   29.387318377    0.001300841    0.012570342
   29.431443479    0.001198909    0.011710267
   29.475568582    0.001105054    0.010899594
   29.519693685    0.001018720    0.010136892
   29.563818787    0.000939287    0.009420538
   29.607943890    0.000866112    0.008748767
   29.652068993    0.000798611    0.008119719
   29.696194095    0.000736319    0.007531463
   29.740319198    0.000678886    0.006982028
   29.784444301    0.000626015    0.006469417
   29.828569403    0.000577381    0.005991641
   29.872694506    0.000532601    0.005546738
   29.916819609    0.000491266    0.005132795
   29.960944711    0.000453013    0.004747964
   30.005069814    0.000417583    0.004390469
   30.049194917    0.000384822    0.004058604
   30.093320019    0.000354624    0.003750734
   30.137445122    0.000326857    0.003465300
   30.181570225    0.000301320    0.003200816
   30.225695327    0.000277769    0.002955872
   30.269820430    0.000255981    0.002729136
   30.313945533    0.000235806    0.002519348
   30.358070635    0.000217179    0.002325319
   30.402195738    0.000200071    0.002145929
   30.446320841    0.000184419    0.001980121
   30.490445943    0.000170093    0.001826907
   30.534571046    0.000156908    0.001685363
   30.578696149    0.000144690    0.001554630
   30.622821251    0.000133330    0.001433904
   30.666946354    0.000122799    0.001322443
   30.711071457    0.000113106    0.001219552
   30.755196559    0.000104242    0.001124588
   30.799321662    0.000096133    0.001036951
   30.843446765    0.000088656    0.000956091
   30.887571867    0.000081689    0.000881494
   30.931696970    0.000075166    0.000812688
   30.975822073    0.000069093    0.000749233
   31.019947175    0.000063515    0.000690721
   31.064072278    0.000058457    0.000636771
   31.108197381    0.000053882    0.000587032
   31.152322483    0.000049700    0.000541176
   31.196447586    0.000045807    0.000498903
   31.240572689    0.000042148    0.000459934
   31.284697791    0.000038730    0.000424012
   31.328822894    0.000035601    0.000390897
   31.372947997    0.000032793    0.000360368
   31.417073099    0.000030286    0.000332221
   31.461198202    0.000028002    0.000306268
   31.505323305    0.000025853    0.000282339
   31.549448407    0.000023788    0.000260276
   31.593573510    0.000021820    0.000239934
   31.637698613    0.000020004    0.000221180
   31.681823715    0.000018387    0.000203889
   31.725948818    0.000016968    0.000187948
   31.770073921    0.000015691    0.000173251
   31.814199023    0.000014480    0.000159703
   31.858324126    0.000013293    0.000147214
   31.902449229    0.000012142    0.000135704
   31.946574331    0.000011083    0.000125095
   31.990699434    0.000010168    0.000115316
   32.034824537    0.000009403    0.000106301
   32.078949639    0.000008740    0.000097989
   32.123074742    0.000008108    0.000090325
   32.167199845    0.000007461    0.000083259
   32.211324947    0.000006805    0.000076744
   32.255450050    0.000006192    0.000070737
   32.299575153    0.000005675    0.000065197
   32.343700255    0.000005266    0.000060087
   32.387825358    0.000004928    0.000055374
   32.431950461    0.000004596    0.000051027
   32.476075563    0.000004226    0.000047019
   32.520200666    0.000003822    0.000043325
   32.564325769    0.000003433    0.000039920
   32.608450871    0.000003115    0.000036781
   32.652575974    0.000002889    0.000033888
   32.696701077    0.000002726    0.000031222
   32.740826179    0.000002567    0.000028764
   32.784951282    0.000002365    0.000026499
   32.829076385    0.000002121    0.000024413
   32.873201487    0.000001877    0.000022492
   32.917326590    0.000001689    0.000020721
   32.961451693    0.000001580    0.000019088
   33.005576796    0.000001526    0.000017583
   33.049701898    0.000001473    0.000016195
   33.093827001    0.000001372    0.000014915
   33.137952104    0.000001219    0.000013735
   33.182077206    0.000001051    0.000012649
   33.226202309    0.000000923    0.000011648
   33.270327412    0.000000864    0.000010725
   33.314452514    0.000000857    0.000009874
   33.358577617    0.000000851    0.000009089
   33.402702720    0.000000799    0.000008367
   33.446827822    0.000000693    0.000007702
   33.490952925    0.000000566    0.000007091
   33.535078028    0.000000470    0.000006529
   33.579203130    0.000000439    0.000006011
   33.623328233    0.000000461    0.000005534
   33.667453336    0.000000489    0.000005094
   33.711578438    0.000000476    0.000004689
   33.755703541    0.000000406    0.000004317
   33.799828644    0.000000310    0.000003974
   33.843953746    0.000000236    0.000003659
   33.888078849    0.000000221    0.000003368
   33.932203952    0.000000256    0.000003100
   33.976329054    0.000000301    0.000002852
   34.020454157    0.000000307    0.000002624
   34.064579260    0.000000256    0.000002414
   34.108704362    0.000000173    0.000002221
   34.152829465    0.000000106    0.000002044
   34.196954568    0.000000091    0.000001881
   34.241079670    0.000000129    0.000001730
   34.285204773    0.000000181    0.000001591
   34.329329876    0.000000199    0.000001463
   34.373454978    0.000000163    0.000001346
   34.417580081    0.000000091    0.000001239
   34.461705184    0.000000030    0.000001141
   34.505830286    0.000000017    0.000001050
   34.549955389    0.000000057    0.000000967
   34.594080492    0.000000114    0.000000889
   34.638205594    0.000000143    0.000000818
   34.682330697    0.000000120    0.000000752
   34.726455800    0.000000057    0.000000693
   34.770580902   -0.000000002    0.000000638
   34.814706005   -0.000000018    0.000000587
   34.858831108    0.000000018    0.000000540
   34.902956210    0.000000076    0.000000496
   34.947081313    0.000000110    0.000000456
   34.991206416    0.000000094    0.000000419
   35.035331518    0.000000036    0.000000385
   35.079456621   -0.000000022    0.000000355
   35.123581724   -0.000000042    0.000000327
   35.167706826   -0.000000010    0.000000301
   35.211831929    0.000000047    0.000000277
   35.255957032    0.000000087    0.000000254
   35.300082134    0.000000079    0.000000234
   35.344207237    0.000000028    0.000000215
   35.388332340   -0.000000030    0.000000199
   35.432457442   -0.000000052    0.000000183
   35.476582545   -0.000000025    0.000000169
   35.520707648    0.000000031    0.000000155
   35.564832750    0.000000075    0.000000142
   35.608957853    0.000000073    0.000000131
   35.653082956    0.000000027    0.000000120
   35.697208058   -0.000000030    0.000000111
   35.741333161   -0.000000057    0.000000103
   35.785458264   -0.000000035    0.000000095
   35.829583366    0.000000018    0.000000087
   35.873708469    0.000000064    0.000000079
   35.917833572    0.000000068    0.000000073
   35.961958674    0.000000027    0.000000067
   36.006083777   -0.000000029    0.000000062
   36.050208880   -0.000000059    0.000000058
   36.094333982   -0.000000043    0.000000053
   36.138459085    0.000000008    0.000000049
   36.182584188    0.000000056    0.000000045
   36.226709290    0.000000066    0.000000041
   36.270834393    0.000000031    0.000000038
   36.314959496   -0.000000024    0.000000035
   36.359084598   -0.000000058    0.000000033
   36.403209701   -0.000000047    0.000000030
   36.447334804    0.000000001    0.000000028
   36.491459906    0.000000050    0.000000025
   36.535585009    0.000000064    0.000000023
   36.579710112    0.000000034    0.000000021
   36.623835214   -0.000000019    0.000000020
   36.667960317   -0.000000056    0.000000018
   36.712085420   -0.000000051    0.000000017
   36.756210522   -0.000000007    0.000000016
   36.800335625    0.000000043    0.000000014
   36.844460728    0.000000062    0.000000013
   36.888585830    0.000000037    0.000000012
   36.932710933   -0.000000014    0.000000011
   36.976836036   -0.000000054    0.000000011
   37.020961138   -0.000000053    0.000000010
   37.065086241   -0.000000013    0.000000009
   37.109211344    0.000000037    0.000000008
   37.153336446    0.000000061    0.000000007
   37.197461549    0.000000041    0.000000007
   37.241586652   -0.000000008    0.000000006
   37.285711754   -0.000000050    0.000000006
   37.329836857   -0.000000054    0.000000006
   37.373961960   -0.000000019    0.000000005
   37.418087062    0.000000031    0.000000005
   37.462212165    0.000000059    0.000000004
   37.506337268    0.000000044    0.000000004
   37.550462370   -0.000000002    0.000000004
   37.594587473   -0.000000046    0.000000004
   37.638712576   -0.000000055    0.000000004
   37.682837678   -0.000000024    0.000000003
   37.726962781    0.000000025    0.000000003
   37.771087884    0.000000056    0.000000002
   37.815212986    0.000000046    0.000000002
   37.859338089    0.000000003    0.000000002
   37.903463192   -0.000000041    0.000000002
   37.947588294   -0.000000055    0.000000002
   37.991713397   -0.000000028    0.000000002
   38.035838500    0.000000019    0.000000002
   38.079963602    0.000000053    0.000000001
   38.124088705    0.000000049    0.000000001
   38.168213808    0.000000009    0.000000001
   38.212338910   -0.000000037    0.000000001
   38.256464013   -0.000000055    0.000000002
   38.300589116   -0.000000033    0.000000002
   38.344714218    0.000000014    0.000000001
   38.388839321    0.000000050    0.000000001
   38.432964424    0.000000050    0.000000001
   38.477089526    0.000000014    0.000000001
   38.521214629   -0.000000032    0.000000001
   38.565339732   -0.000000054    0.000000001
   38.609464834   -0.000000036    0.000000001
   38.653589937    0.000000008    0.000000001
   38.697715040    0.000000047    0.000000000
   38.741840142    0.000000051    0.000000000
   38.785965245    0.000000019    0.000000000
   38.830090348   -0.000000027    0.000000001
   38.874215450   -0.000000053    0.000000001
   38.918340553   -0.000000039    0.000000001
   38.962465656    0.000000003    0.000000001
   39.006590758    0.000000043    0.000000000
   39.050715861    0.000000052    0.000000000
   39.094840964    0.000000023    0.000000000
   39.138966066   -0.000000022    0.000000001
   39.183091169   -0.000000051    0.000000001
   39.227216272   -0.000000042    0.000000001
   39.271341374   -0.000000003    0.000000001
   39.315466477    0.000000039    0.000000000
   39.359591580    0.000000052    0.000000000
   39.403716682    0.000000028    0.000000000
   39.447841785   -0.000000017    0.000000000
   39.491966888   -0.000000048    0.000000001
   39.536091990   -0.000000044    0.000000001
   39.580217093   -0.000000008    0.000000001
   39.624342196    0.000000034    0.000000000
   39.668467298    0.000000052   -0.000000000
   39.712592401    0.000000031    0.000000000
   39.756717504   -0.000000011    0.000000000
   39.800842606   -0.000000046    0.000000001
   39.844967709   -0.000000046    0.000000001
   39.889092812   -0.000000013    0.000000001
   39.933217914    0.000000030    0.000000000
   39.977343017    0.000000051   -0.000000000
   40.021468120    0.000000035   -0.000000000
   40.065593222   -0.000000006    0.000000000
   40.109718325   -0.000000042    0.000000001
   40.153843428   -0.000000047    0.000000001
   40.197968530   -0.000000017    0.000000001
   40.242093633    0.000000025    0.000000000
   40.286218736    0.000000050   -0.000000000
   40.330343838    0.000000038   -0.000000000
   40.374468941   -0.000000001    0.000000000
   40.418594044   -0.000000039    0.000000001
   40.462719146   -0.000000048    0.000000001
   40.506844249   -0.000000022    0.000000001
   40.550969352    0.000000021    0.000000000
   40.595094454    0.000000048   -0.000000000
   40.639219557    0.000000040   -0.000000000
   40.683344660    0.000000004    0.000000000
   40.727469762   -0.000000035    0.000000000
   40.771594865   -0.000000048    0.000000001
   40.815719968   -0.000000026    0.000000001
   40.859845070    0.000000016    0.000000000
   40.903970173    0.000000046   -0.000000000
   40.948095276    0.000000043   -0.000000000
   40.992220378    0.000000009    0.000000000
   41.036345481   -0.000000031    0.000000000
   41.080470584   -0.000000048    0.000000001
   41.124595686   -0.000000029    0.000000001
   41.168720789    0.000000011    0.000000000
   41.212845892    0.000000043    0.000000000
   41.256970994    0.000000044   -0.000000000
   41.301096097    0.000000013    0.000000000
   41.345221200   -0.000000027    0.000000000
   41.389346302   -0.000000047    0.000000001
   41.433471405   -0.000000033    0.000000001
   41.477596508    0.000000006    0.000000000
   41.521721610    0.000000040    0.000000000
   41.565846713    0.000000045   -0.000000000
   41.609971816    0.000000018    0.000000000
   41.654096918   -0.000000023    0.000000000
   41.698222021   -0.000000046    0.000000001
   41.742347124   -0.000000036    0.000000001
   41.786472226    0.000000001    0.000000000
   41.830597329    0.000000037    0.000000000
   41.874722432    0.000000046   -0.000000000
   41.918847534    0.000000022    0.000000000
   41.962972637   -0.000000018    0.000000000
   42.007097740   -0.000000045    0.000000001
   42.051222842   -0.000000038    0.000000001
   42.095347945   -0.000000004    0.000000000
   42.139473048    0.000000034    0.000000000
   42.183598150    0.000000046   -0.000000000
   42.227723253    0.000000026    0.000000000
   42.271848356   -0.000000014    0.000000000
   42.315973458   -0.000000043    0.000000001
   42.360098561   -0.000000040    0.000000001
   42.404223664   -0.000000008    0.000000000
   42.448348766    0.000000030    0.000000000
   42.492473869    0.000000046   -0.000000000
   42.536598972    0.000000029   -0.000000000
   42.580724074   -0.000000009    0.000000000
   42.624849177   -0.000000040    0.000000001
   42.668974280   -0.000000042    0.000000001
   42.713099382   -0.000000013    0.000000000
   42.757224485    0.000000026    0.000000000
   42.801349588    0.000000046   -0.000000000
   42.845474690    0.000000032   -0.000000000
   42.889599793   -0.000000005    0.000000000
   42.933724896   -0.000000038    0.000000001
   42.977849998   -0.000000043    0.000000001
   43.021975101   -0.000000017    0.000000000
   43.066100204    0.000000022    0.000000000
   43.110225306    0.000000045   -0.000000000
   43.154350409    0.000000035   -0.000000000
   43.198475512    0.000000000    0.000000000
   43.242600614   -0.000000035    0.000000000
   43.286725717   -0.000000044    0.000000001
   43.330850820   -0.000000021    0.000000000
   43.374975922    0.000000018    0.000000000
   43.419101025    0.000000043   -0.000000000
   43.463226128    0.000000038   -0.000000000
   43.507351230    0.000000005    0.000000000
   43.551476333   -0.000000031    0.000000000
   43.595601436   -0.000000044    0.000000001
   43.639726538   -0.000000025    0.000000000
   43.683851641    0.000000013    0.000000000
   43.727976744    0.000000041   -0.000000000
   43.772101846    0.000000040   -0.000000000
   43.816226949    0.000000009    0.000000000
   43.860352052   -0.000000028    0.000000000
   43.904477154   -0.000000044    0.000000001
   43.948602257   -0.000000028    0.000000000
   43.992727360    0.000000009    0.000000000
   44.036852462    0.000000039   -0.000000000
   44.080977565    0.000000041   -0.000000000
