    0.000000000    0.016531903    0.016592079
    0.044125103    0.016167838    0.016318005
    0.088250205    0.015803940    0.016044233
    0.132375308    0.015440397    0.015770872
    0.176500411    0.015077388    0.015498031
    0.220625513    0.014715087    0.015225819
    0.264750616    0.014353671    0.014954341
    0.308875719    0.013993326    0.014683700
    0.353000821    0.013634254    0.014413999
    0.397125924    0.013276662    0.014145337
    0.441251027    0.012920760    0.013877810
    0.485376129    0.012566752    0.013611516
    0.529501232    0.012214839    0.013346545
    0.573626335    0.011865222    0.013082989
    0.617751437    0.011518114    0.012820934
    0.661876540    0.011173732    0.012560468
    0.706001643    0.010832296    0.012301670
    0.750126745    0.010494018    0.012044623
    0.794251848    0.010159095    0.011789402
    0.838376951    0.009827713    0.011536083
    0.882502053    0.009500045    0.011284740
    0.926627156    0.009176269    0.011035442
    0.970752259    0.008856561    0.010788258
    1.014877361    0.008541102    0.010543255
    1.059002464    0.008230061    0.010300498
    1.103127567    0.007923599    0.010060050
    1.147252669    0.007621864    0.009821973
    1.191377772    0.007325004    0.009586328
    1.235502875    0.007033168    0.009353174
    1.279627977    0.006746515    0.009122568
    1.323753080    0.006465208    0.008894567
    1.367878183    0.006189406    0.008669226
    1.412003285    0.005919258    0.008446600
    1.456128388    0.005654898    0.008226740
    1.500253491    0.005396452    0.008009699
    1.544378593    0.005144044    0.007795528
    1.588503696    0.004897798    0.007584275
    1.632628799    0.004657835    0.007375990
    1.676753901    0.004424265    0.007170721
    1.720879004    0.004197177    0.006968514
    1.765004107    0.003976644    0.006769416
    1.809129209    0.003762720    0.006573474
    1.853254312    0.003555453    0.006380733
    1.897379415    0.003354891    0.006191239
    1.941504517    0.003161073    0.006005038
    1.985629620    0.002974032    0.005822175
    2.029754723    0.002793782    0.005642696
    2.073879825    0.002620316    0.005466645
    2.118004928    0.002453613    0.005294070
    2.162130031    0.002293641    0.005125016
    2.206255133    0.002140369    0.004959528
    2.250380236    0.001993757    0.004797652
    2.294505339    0.001853755    0.004639434
    2.338630441    0.001720293    0.004484920
    2.382755544    0.001593279    0.004334156
    2.426880647    0.001472603    0.004187188
    2.471005749    0.001358143    0.004044062
    2.515130852    0.001249772    0.003904823
    2.559255955    0.001147363    0.003769518
    2.603381057    0.001050777    0.003638192
    2.647506160    0.000959861    0.003510891
    2.691631263    0.000874444    0.003387660
    2.735756365    0.000794343    0.003268545
    2.779881468    0.000719370    0.003153592
    2.824006571    0.000649342    0.003042844
    2.868131673    0.000584077    0.002936346
    2.912256776    0.000523398    0.002834141
    2.956381879    0.000467120    0.002736272
    3.000506981    0.000415050    0.002642778
    3.044632084    0.000366987    0.002553702
    3.088757187    0.000322734    0.002469081
    3.132882289    0.000282105    0.002388953
    3.177007392    0.000244924    0.002313353
    3.221132495    0.000211025    0.002242316
    3.265257597    0.000180244    0.002175874
    3.309382700    0.000152412    0.002114057
    3.353507803    0.000127365    0.002056894
    3.397632905    0.000104945    0.002004412
    3.441758008    0.000085010    0.001956635
    3.485883111    0.000067439    0.001913588
    3.530008213    0.000052126    0.001875290
    3.574133316    0.000038972    0.001841761
    3.618258419    0.000027886    0.001813018
    3.662383521    0.000018778    0.001789075
    3.706508624    0.000011572    0.001769946
    3.750633727    0.000006211    0.001755640
    3.794758829    0.000002661    0.001746166
    3.838883932    0.000000904    0.001741528
    3.883009035    0.000000937    0.001741730
    3.927134137    0.000002759    0.001746772
    3.971259240    0.000006377    0.001756651
    4.015384343    0.000011806    0.001771364
    4.059509445    0.000019083    0.001790902
    4.103634548    0.000028265    0.001815255
    4.147759651    0.000039429    0.001844413
    4.191884753    0.000052665    0.001878359
    4.236009856    0.000068064    0.001917077
    4.280134959    0.000085727    0.001960548
    4.324260061    0.000105758    0.002008751
    4.368385164    0.000128281    0.002061664
    4.412510267    0.000153438    0.002119261
    4.456635369    0.000181387    0.002181515
    4.500760472    0.000212296    0.002248397
    4.544885575    0.000246332    0.002319878
    4.589010677    0.000283660    0.002395924
    4.633135780    0.000324450    0.002476503
    4.677260883    0.000368877    0.002561578
    4.721385985    0.000417129    0.002651113
    4.765511088    0.000469405    0.002745069
    4.809636191    0.000525906    0.002843407
    4.853761293    0.000586825    0.002946086
    4.897886396    0.000652349    0.003053064
    4.942011499    0.000722656    0.003164298
    4.986136601    0.000797926    0.003279744
    5.030261704    0.000878344    0.003399359
    5.074386807    0.000964097    0.003523097
    5.118511909    0.001055371    0.003650914
    5.162637012    0.001152335    0.003782764
    5.206762115    0.001255143    0.003918602
    5.250887217    0.001363934    0.004058382
    5.295012320    0.001478839    0.004202059
    5.339137423    0.001599983    0.004349587
    5.383262525    0.001727489    0.004500921
    5.427387628    0.001861468    0.004656016
    5.471512731    0.002002013    0.004814827
    5.515637833    0.002149194    0.004977308
    5.559762936    0.002303059    0.005143415
    5.603888039    0.002463646    0.005313103
    5.648013141    0.002630988    0.005486327
    5.692138244    0.002805111    0.005663042
    5.736263347    0.002986036    0.005843204
    5.780388449    0.003173765    0.006026768
    5.824513552    0.003368283    0.006213689
    5.868638655    0.003569556    0.006403922
    5.912763757    0.003777541    0.006597423
    5.956888860    0.003992192    0.006794146
    6.001013963    0.004213460    0.006994044
    6.045139065    0.004441293    0.007197072
    6.089264168    0.004675621    0.007403183
    6.133389271    0.004916358    0.007612330
    6.177514373    0.005163397    0.007824463
    6.221639476    0.005416624    0.008039535
    6.265764579    0.005675917    0.008257495
    6.309889681    0.005941157    0.008478292
    6.354014784    0.006212220    0.008701874
    6.398139887    0.006488973    0.008928189
    6.442264989    0.006771267    0.009157182
    6.486390092    0.007058942    0.009388798
    6.530515195    0.007351829    0.009622981
    6.574640297    0.007649767    0.009859674
    6.618765400    0.007952597    0.010098818
    6.662890503    0.008260167    0.010340351
    6.707015606    0.008572322    0.010584213
    6.751140708    0.008888893    0.010830341
    6.795265811    0.009209705    0.011078668
    6.839390914    0.009534576    0.011329128
    6.883516016    0.009863324    0.011581651
    6.927641119    0.010195773    0.011836167
    6.971766222    0.010531751    0.012092601
    7.015891324    0.010871076    0.012350876
    7.060016427    0.011213556    0.012610916
    7.104141530    0.011558985    0.012872638
    7.148266632    0.011907149    0.013135958
    7.192391735    0.012257835    0.013400792
    7.236516838    0.012610839    0.013667050
    7.280641940    0.012965961    0.013934641
    7.324767043    0.013323003    0.014203474
    7.368892146    0.013681761    0.014473452
    7.413017248    0.014042026    0.014744480
    7.457142351    0.014403586    0.015016458
    7.501267454    0.014766239    0.015289286
    7.545392556    0.015129794    0.015562863
    7.589517659    0.015494072    0.015837083
    7.633642762    0.015858900    0.016111841
    7.677767864    0.016224097    0.016387030
    7.721892967    0.016589479    0.016662542
    7.766018070    0.016954857    0.016938264
    7.810143172    0.017320043    0.017214086
    7.854268275    0.017684862    0.017489893
    7.898393378    0.018049144    0.017765570
    7.942518480    0.018412721    0.018041000
    7.986643583    0.018775421    0.018316064
    8.030768686    0.019137061    0.018590643
    8.074893788    0.019497453    0.018864617
    8.119018891    0.019856411    0.019137866
    8.163143994    0.020213760    0.019410267
    8.207269096    0.020569333    0.019681699
    8.251394199    0.020922967    0.019952039
    8.295519302    0.021274494    0.020221166
    8.339644404    0.021623739    0.020488959
    8.383769507    0.021970520    0.020755296
    8.427894610    0.022314656    0.021020057
    8.472019712    0.022655975    0.021283122
    8.516144815    0.022994314    0.021544372
    8.560269918    0.023329515    0.021803690
    8.604395020    0.023661418    0.022060956
    8.648520123    0.023989856    0.022316056
    8.692645226    0.024314662    0.022568874
    8.736770328    0.024635670    0.022819296
    8.780895431    0.024952731    0.023067210
    8.825020534    0.025265714    0.023312503
    8.869145636    0.025574498    0.023555067
    8.913270739    0.025878970    0.023794792
    8.957395842    0.026179015    0.024031572
    9.001520944    0.026474519    0.024265302
    9.045646047    0.026765372    0.024495880
    9.089771150    0.027051475    0.024723204
    9.133896252    0.027332741    0.024947175
    9.178021355    0.027609091    0.025167696
    9.222146458    0.027880438    0.025384672
    9.266271560    0.028146685    0.025598009
    9.310396663    0.028407722    0.025807617
    9.354521766    0.028663432    0.026013406
    9.398646868    0.028913699    0.026215289
    9.442771971    0.029158415    0.026413179
    9.486897074    0.029397477    0.026606994
    9.531022176    0.029630780    0.026796650
    9.575147279    0.029858217    0.026982069
    9.619272382    0.030079679    0.027163172
    9.663397484    0.030295061    0.027339884
    9.707522587    0.030504277    0.027512131
    9.751647690    0.030707264    0.027679844
    9.795772792    0.030903979    0.027842953
    9.839897895    0.031094391    0.028001392
    9.884022998    0.031278471    0.028155100
    9.928148100    0.031456193    0.028304015
    9.972273203    0.031627528    0.028448079
   10.016398306    0.031792459    0.028587239
   10.060523408    0.031950974    0.028721442
   10.104648511    0.032103066    0.028850637
   10.148773614    0.032248723    0.028974778
   10.192898716    0.032387916    0.029093820
   10.237023819    0.032520598    0.029207720
   10.281148922    0.032646709    0.029316439
   10.325274024    0.032766185    0.029419939
   10.369399127    0.032878968    0.029518184
   10.413524230    0.032985007    0.029611140
   10.457649332    0.033084252    0.029698778
   10.501774435    0.033176654    0.029781067
   10.545899538    0.033262159    0.029857984
   10.590024640    0.033340719    0.029929503
   10.634149743    0.033412300    0.029995605
   10.678274846    0.033476889    0.030056272
   10.722399948    0.033534496    0.030111488
   10.766525051    0.033585141    0.030161240
   10.810650154    0.033628850    0.030205520
   10.854775256    0.033665644    0.030244320
   10.898900359    0.033695542    0.030277637
   10.943025462    0.033718567    0.030305468
   10.987150564    0.033734751    0.030327815
   11.031275667    0.033744132    0.030344681
   11.075400770    0.033746753    0.030356071
   11.119525872    0.033742646    0.030361995
   11.163650975    0.033731834    0.030362463
   11.207776078    0.033714330    0.030357487
   11.251901180    0.033690151    0.030347082
   11.296026283    0.033659323    0.030331265
   11.340151386    0.033621889    0.030310055
   11.384276488    0.033577898    0.030283474
   11.428401591    0.033527404    0.030251545
   11.472526694    0.033470454    0.030214293
   11.516651796    0.033407093    0.030171747
   11.560776899    0.033337366    0.030123936
   11.604902002    0.033261332    0.030070894
   11.649027104    0.033179054    0.030012654
   11.693152207    0.033090603    0.029949253
   11.737277310    0.032996039    0.029880731
   11.781402412    0.032895408    0.029807129
   11.825527515    0.032788740    0.029728491
   11.869652618    0.032676059    0.029644863
   11.913777720    0.032557392    0.029556293
   11.957902823    0.032432774    0.029462832
   12.002027926    0.032302246    0.029364533
   12.046153028    0.032165850    0.029261451
   12.090278131    0.032023622    0.029153643
   12.134403234    0.031875600    0.029041168
   12.178528336    0.031721824    0.028924087
   12.222653439    0.031562357    0.028802465
   12.266778542    0.031397278    0.028676367
   12.310903644    0.031226688    0.028545858
   12.355028747    0.031050693    0.028411009
   12.399153850    0.030869398    0.028271890
   12.443278952    0.030682899    0.028128572
   12.487404055    0.030491292    0.027981131
   12.531529158    0.030294675    0.027829641
   12.575654260    0.030093155    0.027674179
   12.619779363    0.029886840    0.027514823
   12.663904466    0.029675835    0.027351654
   12.708029568    0.029460228    0.027184755
   12.752154671    0.029240094    0.027014207
   12.796279774    0.029015499    0.026840098
   12.840404876    0.028786516    0.026662515
   12.884529979    0.028553231    0.026481546
   12.928655082    0.028315743    0.026297284
   12.972780184    0.028074162    0.026109822
   13.016905287    0.027828596    0.025919255
   13.061030390    0.027579153    0.025725680
   13.105155492    0.027325943    0.025529197
   13.149280595    0.027069090    0.025329905
   13.193405698    0.026808733    0.025127908
   13.237530800    0.026545023    0.024923309
   13.281655903    0.026278116    0.024716213
   13.325781006    0.026008155    0.024506727
   13.369906108    0.025735268    0.024294958
   13.414031211    0.025459568    0.024081015
   13.458156314    0.025181164    0.023865009
   13.502281416    0.024900165    0.023647049
   13.546406519    0.024616681    0.023427248
   13.590531622    0.024330822    0.023205719
   13.634656724    0.024042685    0.022982575
   13.678781827    0.023752355    0.022757933
   13.722906930    0.023459910    0.022531909
   13.767032032    0.023165436    0.022304619
   13.811157135    0.022869035    0.022076184
   13.855282238    0.022570830    0.021846723
   13.899407340    0.022270959    0.021616356
   13.943532443    0.021969565    0.021385206
   13.987657546    0.021666789    0.021153395
   14.031782648    0.021362772    0.020921047
   14.075907751    0.021057661    0.020688288
   14.120032854    0.020751618    0.020455242
   14.164157956    0.020444817    0.020222037
   14.208283059    0.020137438    0.019988800
   14.252408162    0.019829651    0.019755658
   14.296533264    0.019521612    0.019522741
   14.340658367    0.019213461    0.019290179
   14.384783470    0.018905330    0.019058102
   14.428908572    0.018597359    0.018826643
   14.473033675    0.018289692    0.018595932
   14.517158778    0.017982481    0.018366104
   14.561283880    0.017675872    0.018137293
   14.605408983    0.017370001    0.017909632
   14.649534086    0.017064996    0.017683259
   14.693659188    0.016760987    0.017458308
   14.737784291    0.016458115    0.017234916
   14.781909394    0.016156542    0.017013220
   14.826034496    0.015856439    0.016793357
   14.870159599    0.015557978    0.016575464
   14.914284702    0.015261325    0.016359679
   14.958409804    0.014966635    0.016146139
   15.002534907    0.014674059    0.015934984
   15.046660010    0.014383757    0.015726349
   15.090785112    0.014095899    0.015520373
   15.134910215    0.013810663    0.015317194
   15.179035318    0.013528224    0.015116949
   15.223160420    0.013248745    0.014919776
   15.267285523    0.012972376    0.014725814
   15.311410626    0.012699261    0.014535200
   15.355535728    0.012429552    0.014348072
   15.399660831    0.012163414    0.014164567
   15.443785934    0.011901024    0.013984822
   15.487911036    0.011642560    0.013808974
   15.532036139    0.011388192    0.013637158
   15.576161242    0.011138077    0.013469512
   15.620286344    0.010892368    0.013306168
   15.664411447    0.010651224    0.013147263
   15.708536550    0.010414812    0.012992928
   15.752661652    0.010183313    0.012843296
   15.796786755    0.009956905    0.012698500
   15.840911858    0.009735754    0.012558669
   15.885036960    0.009520008    0.012423935
   15.929162063    0.009309807    0.012294427
   15.973287166    0.009105293    0.012170274
   16.017412268    0.008906618    0.012051605
   16.061537371    0.008713946    0.011938548
   16.105662474    0.008527444    0.011831229
   16.149787576    0.008347270    0.011729776
   16.193912679    0.008173570    0.011634314
   16.238037782    0.008006485    0.011544968
   16.282162884    0.007846159    0.011461862
   16.326287987    0.007692752    0.011385118
   16.370413090    0.007546439    0.011314857
   16.414538192    0.007407398    0.011251198
   16.458663295    0.007275803    0.011194259
   16.502788398    0.007151809    0.011144154
   16.546913500    0.007035561    0.011100999
   16.591038603    0.006927204    0.011064903
   16.635163706    0.006826888    0.011035978
   16.679288808    0.006734775    0.011014329
   16.723413911    0.006651029    0.011000062
   16.767539014    0.006575798    0.010993279
   16.811664116    0.006509216    0.010994081
   16.855789219    0.006451397    0.011002566
   16.899914322    0.006402454    0.011018829
   16.944039424    0.006362507    0.011042963
   16.988164527    0.006331690    0.011075057
   17.032289630    0.006310141    0.011115198
   17.076414732    0.006297992    0.011163469
   17.120539835    0.006295361    0.011219950
   17.164664938    0.006302352    0.011284715
   17.208790040    0.006319070    0.011357835
   17.252915143    0.006345630    0.011439378
   17.297040246    0.006382162    0.011529404
   17.341165348    0.006428807    0.011627970
   17.385290451    0.006485697    0.011735126
   17.429415554    0.006552951    0.011850919
   17.473540656    0.006630670    0.011975389
   17.517665759    0.006718948    0.012108570
   17.561790862    0.006817883    0.012250490
   17.605915964    0.006927585    0.012401173
   17.650041067    0.007048169    0.012560634
   17.694166170    0.007179735    0.012728884
   17.738291272    0.007322364    0.012905926
   17.782416375    0.007476114    0.013091758
   17.826541478    0.007641030    0.013286371
   17.870666580    0.007817162    0.013489748
   17.914791683    0.008004567    0.013701865
   17.958916786    0.008203314    0.013922694
   18.003041888    0.008413465    0.014152195
   18.047166991    0.008635069    0.014390323
   18.091292094    0.008868156    0.014637028
   18.135417196    0.009112755    0.014892247
   18.179542299    0.009368903    0.015155914
   18.223667402    0.009636659    0.015427953
   18.267792504    0.009916095    0.015708279
   18.311917607    0.010207286    0.015996800
   18.356042710    0.010510293    0.016293416
   18.400167812    0.010825159    0.016598018
   18.444292915    0.011151912    0.016910486
   18.488418018    0.011490583    0.017230694
   18.532543120    0.011841208    0.017558504
   18.576668223    0.012203829    0.017893768
   18.620793326    0.012578475    0.018236328
   18.664918428    0.012965152    0.018586016
   18.709043531    0.013363829    0.018942653
   18.753168634    0.013774456    0.019306049
   18.797293736    0.014196973    0.019676004
   18.841418839    0.014631330    0.020052306
   18.885543942    0.015077484    0.020434734
   18.929669044    0.015535389    0.020823054
   18.973794147    0.016004985    0.021217024
   19.017919250    0.016486189    0.021616391
   19.062044352    0.016978905    0.022020895
   19.106169455    0.017483038    0.022430262
   19.150294558    0.017998507    0.022844212
   19.194419660    0.018525245    0.023262454
   19.238544763    0.019063181    0.023684690
   19.282669866    0.019612220    0.024110610
   19.326794968    0.020172232    0.024539898
   19.370920071    0.020743052    0.024972228
   19.415045174    0.021324492    0.025407267
   19.459170276    0.021916356    0.025844669
   19.503295379    0.022518436    0.026284084
   19.547420482    0.023130499    0.026725151
   19.591545584    0.023752276    0.027167504
   19.635670687    0.024383441    0.027610766
   19.679795790    0.025023629    0.028054558
   19.723920892    0.025672446    0.028498491
   19.768045995    0.026329490    0.028942172
   19.812171098    0.026994361    0.029385201
   19.856296201    0.027666650    0.029827176
   19.900421303    0.028345923    0.030267690
   19.944546406    0.029031709    0.030706333
   19.988671509    0.029723506    0.031142691
   20.032796611    0.030420793    0.031576347
   20.076921714    0.031123052    0.032006881
   20.121046817    0.031829772    0.032433873
   20.165171919    0.032540435    0.032856898
   20.209297022    0.033254501    0.033275530
   20.253422125    0.033971391    0.033689343
   20.297547227    0.034690485    0.034097910
   20.341672330    0.035411146    0.034500803
   20.385797433    0.036132733    0.034897596
   20.429922535    0.036854617    0.035287864
   20.474047638    0.037576167    0.035671185
   20.518172741    0.038296738    0.036047143
   20.562297843    0.039015648    0.036415327
   20.606422946    0.039732183    0.036775335
   20.650548049    0.040445604    0.037126775
   20.694673151    0.041155174    0.037469261
   20.738798254    0.041860156    0.037802423
   20.782923357    0.042559809    0.038125905
   20.827048459    0.043253360    0.038439365
   20.871173562    0.043939978    0.038742480
   20.915298665    0.044618776    0.039034947
   20.959423767    0.045288815    0.039316482
   21.003548870    0.045949134    0.039586826
   21.047673973    0.046598762    0.039845745
   21.091799075    0.047236717    0.040093036
   21.135924178    0.047861990    0.040328529
   21.180049281    0.048473533    0.040552088
   21.224174383    0.049070263    0.040763620
   21.268299486    0.049651082    0.040963075
   21.312424589    0.050214915    0.041150452
   21.356549691    0.050760733    0.041325802
   21.400674794    0.051287550    0.041489233
   21.444799897    0.051794408    0.041640917
   21.488924999    0.052280357    0.041781091
   21.533050102    0.052744440    0.041910062
   21.577175205    0.053185708    0.042028210
   21.621300307    0.053603241    0.042135990
   21.665425410    0.053996157    0.042233935
   21.709550513    0.054363613    0.042322662
   21.753675615    0.054704772    0.042402871
   21.797800718    0.055018778    0.042475348
   21.841925821    0.055304745    0.042540966
   21.886050923    0.055561776    0.042600684
   21.930176026    0.055788993    0.042655547
   21.974301129    0.055985570    0.042706688
   22.018426231    0.056150743    0.042755320
   22.062551334    0.056283795    0.042802742
   22.106676437    0.056384041    0.042850324
   22.150801539    0.056450817    0.042899504
   22.194926642    0.056483503    0.042951772
   22.239051745    0.056481548    0.043008657
   22.283176847    0.056444501    0.043071718
   22.327301950    0.056372007    0.043142523
   22.371427053    0.056263779    0.043222632
   22.415552155    0.056119555    0.043313569
   22.459677258    0.055939073    0.043416788
   22.503802361    0.055722074    0.043533636
   22.547927463    0.055468326    0.043665310
   22.592052566    0.055177657    0.043812829
   22.636177669    0.054849957    0.043977012
   22.680302771    0.054485164    0.044158472
   22.724427874    0.054083242    0.044357622
   22.768552977    0.053644170    0.044574690
   22.812678079    0.053167970    0.044809728
   22.856803182    0.052654761    0.045062625
   22.900928285    0.052104815    0.045333101
   22.945053387    0.051518583    0.045620710
   22.989178490    0.050896691    0.045924827
   23.033303593    0.050239906    0.046244632
   23.077428695    0.049549122    0.046579093
   23.121553798    0.048825370    0.046926945
   23.165678901    0.048069860    0.047286662
   23.209804003    0.047284026    0.047656446
   23.253929106    0.046469534    0.048034206
   23.298054209    0.045628274    0.048417573
   23.342179311    0.044762311    0.048803915
   23.386304414    0.043873870    0.049190388
   23.430429517    0.042965361    0.049573997
   23.474554619    0.042039443    0.049951672
   23.518679722    0.041099107    0.050320350
   23.562804825    0.040147731    0.050677064
   23.606929927    0.039189087    0.051019010
   23.651055030    0.038227325    0.051343620
   23.695180133    0.037266965    0.051648595
   23.739305235    0.036312921    0.051931941
   23.783430338    0.035370577    0.052191964
   23.827555441    0.034445848    0.052427263
   23.871680543    0.033545213    0.052636712
   23.915805646    0.032675670    0.052819432
   23.959930749    0.031844649    0.052974774
   24.004055851    0.031059932    0.053102292
   24.048180954    0.030329619    0.053201737
   24.092306057    0.029662151    0.053273043
   24.136431159    0.029066346    0.053316320
   24.180556262    0.028551394    0.053331860
   24.224681365    0.028126772    0.053320141
   24.268806467    0.027802107    0.053281844
   24.312931570    0.027587046    0.053217856
   24.357056673    0.027491186    0.053129288
   24.401181775    0.027524074    0.053017459
   24.445306878    0.027695203    0.052883881
   24.489431981    0.028013914    0.052730227
   24.533557083    0.028489149    0.052558288
   24.577682186    0.029129083    0.052369936
   24.621807289    0.029940766    0.052167088
   24.665932391    0.030929857    0.051951679
   24.710057494    0.032100529    0.051725642
   24.754182597    0.033455399    0.051490890
   24.798307699    0.034995327    0.051249305
   24.842432802    0.036718921    0.051002722
   24.886557905    0.038621750    0.050752913
   24.930683007    0.040695481    0.050501583
   24.974808110    0.042927309    0.050250360
   25.018933213    0.045300009    0.050000789
   25.063058315    0.047792736    0.049754336
   25.107183418    0.050382421    0.049512382
   25.151308521    0.053045347    0.049276225
   25.195433623    0.055758461    0.049047077
   25.239558726    0.058500067    0.048826067
   25.283683829    0.061249858    0.048614237
   25.327808931    0.063988425    0.048412551
   25.371934034    0.066696550    0.048221892
   25.416059137    0.069354493    0.048043065
   25.460184239    0.071941385    0.047876801
   25.504309342    0.074434696    0.047723755
   25.548434445    0.076809755    0.047584511
   25.592559547    0.079039366    0.047459583
   25.636684650    0.081093705    0.047349416
   25.680809753    0.082940705    0.047254396
   25.724934855    0.084547121    0.047174846
   25.769059958    0.085880231    0.047111032
   25.813185061    0.086910016    0.047063163
   25.857310163    0.087611454    0.047031394
   25.901435266    0.087966582    0.047015824
   25.945560369    0.087966029    0.047016505
   25.989685471    0.087609819    0.047033436
   26.033810574    0.086907374    0.047066566
   26.077935677    0.085876695    0.047115795
   26.122060779    0.084542828    0.047180967
   26.166185882    0.082935799    0.047261873
   26.210310985    0.081088321    0.047358246
   26.254436087    0.079033620    0.047469761
   26.298561190    0.076803735    0.047596033
   26.342686293    0.074428466    0.047736614
   26.386811395    0.071934989    0.047890989
   26.430936498    0.069347966    0.048058573
   26.475061601    0.066689928    0.048238711
   26.519186703    0.063981756    0.048430670
   26.563311806    0.061243212    0.048633645
   26.607436909    0.058493538    0.048846753
   26.651562011    0.055752174    0.049069031
   26.695687114    0.053039460    0.049299435
   26.739812217    0.050377119    0.049536837
   26.783937319    0.047788229    0.049780027
   26.828062422    0.045296520    0.050027705
   26.872187525    0.042925064    0.050278490
   26.916312627    0.040694697    0.050530918
   26.960437730    0.038622629    0.050783442
   27.004562833    0.036721640    0.051034433
   27.048687935    0.035000041    0.051282188
   27.092813038    0.033462241    0.051524931
   27.136938141    0.032109615    0.051760828
   27.181063243    0.030941284    0.051987997
   27.225188346    0.029954616    0.052204525
   27.269313449    0.029145427    0.052408478
   27.313438551    0.028508040    0.052597924
   27.357563654    0.028035396    0.052770946
   27.401688757    0.027719307    0.052925676
   27.445813859    0.027550824    0.053060324
   27.489938962    0.027520598    0.053173220
   27.534064065    0.027619130    0.053262857
   27.578189167    0.027836866    0.053327916
   27.622314270    0.028164198    0.053367294
   27.666439373    0.028591472    0.053380102
   27.710564475    0.029109049    0.053365664
   27.754689578    0.029707441    0.053323502
   27.798814681    0.030377447    0.053253324
   27.842939783    0.031110239    0.053155020
   27.887064886    0.031897368    0.053028654
   27.931189989    0.032730726    0.052874474
   27.975315091    0.033602529    0.052692922
   28.019440194    0.034505346    0.052484645
   28.063565297    0.035432182    0.052250520
   28.107690399    0.036376567    0.051991671
   28.151815502    0.037332596    0.051709497
   28.195940605    0.038294896    0.051405691
   28.240065707    0.039258563    0.051082250
   28.284190810    0.040219089    0.050741471
   28.328315913    0.041172330    0.050385927
   28.372441015    0.042114518    0.050018421
   28.416566118    0.043042276    0.049641925
   28.460691221    0.043952610    0.049259503
   28.504816323    0.044842850    0.048874227
   28.548941426    0.045710577    0.048489093
   28.593066529    0.046553553    0.048106948
   28.637191631    0.047369700    0.047730422
   28.681316734    0.048157121    0.047361885
   28.725441837    0.048914141    0.047003427
   28.769566939    0.049639326    0.046656846
   28.813692042    0.050331473    0.046323665
   28.857817145    0.050989561    0.046005149
   28.901942247    0.051612711    0.045702327
   28.946067350    0.052200176    0.045416018
   28.990192453    0.052751354    0.045146845
   29.034317555    0.053265814    0.044895253
   29.078442658    0.053743305    0.044661519
   29.122567761    0.054183718    0.044445754
   29.166692863    0.054587040    0.044247904
   29.210817966    0.054953287    0.044067741
   29.254943069    0.055282486    0.043904849
   29.299068171    0.055574679    0.043758615
   29.343193274    0.055829951    0.043628219
   29.387318377    0.056048446    0.043512641
   29.431443479    0.056230366    0.043410684
   29.475568582    0.056375944    0.043321000
   29.519693685    0.056485422    0.043242133
   29.563818787    0.056559049    0.043172558
   29.607943890    0.056597114    0.043110714
   29.652068993    0.056599984    0.043055030
   29.696194095    0.056568134    0.043003949
   29.740319198    0.056502149    0.042955937
   29.784444301    0.056402692    0.042909501
   29.828569403    0.056270468    0.042863205
   29.872694506    0.056106209    0.042815673
   29.916819609    0.055910665    0.042765608
   29.960944711    0.055684628    0.042711792
   30.005069814    0.055428936    0.042653094
   30.049194917    0.055144463    0.042588466
   30.093320019    0.054832082    0.042516951
   30.137445122    0.054492640    0.042437674
   30.181570225    0.054126937    0.042349849
   30.225695327    0.053735747    0.042252778
   30.269820430    0.053319842    0.042145844
   30.313945533    0.052880034    0.042028515
   30.358070635    0.052417179    0.041900335
   30.402195738    0.051932176    0.041760926
   30.446320841    0.051425947    0.041609981
   30.490445943    0.050899431    0.041447262
   30.534571046    0.050353593    0.041272599
   30.578696149    0.049789451    0.041085880
   30.622821251    0.049208087    0.040887056
   30.666946354    0.048610643    0.040676125
   30.711071457    0.047998293    0.040453137
   30.755196559    0.047372204    0.040218184
   30.799321662    0.046733503    0.039971398
   30.843446765    0.046083268    0.039712949
   30.887571867    0.045422539    0.039443040
   30.931696970    0.044752324    0.039161903
   30.975822073    0.044073601    0.038869796
   31.019947175    0.043387302    0.038567002
   31.064072278    0.042694290    0.038253824
   31.108197381    0.041995351    0.037930586
   31.152322483    0.041291205    0.037597628
   31.196447586    0.040582531    0.037255308
   31.240572689    0.039870001    0.036903997
   31.284697791    0.039154298    0.036544079
   31.328822894    0.038436109    0.036175949
   31.372947997    0.037716119    0.035800008
   31.417073099    0.036994990    0.035416667
   31.461198202    0.036273370    0.035026342
   31.505323305    0.035551905    0.034629455
   31.549448407    0.034831257    0.034226430
   31.593573510    0.034112106    0.033817692
   31.637698613    0.033395139    0.033403668
   31.681823715    0.032681019    0.032984785
   31.725948818    0.031970369    0.032561469
   31.770073921    0.031263763    0.032134143
   31.814199023    0.030561738    0.031703232
   31.858324126    0.029864814    0.031269158
   31.902449229    0.029173502    0.030832340
   31.946574331    0.028488299    0.030393196
   31.990699434    0.027809677    0.029952139
   32.034824537    0.027138065    0.029509581
   32.078949639    0.026473851    0.029065929
   32.123074742    0.025817401    0.028621588
   32.167199845    0.025169075    0.028176957
   32.211324947    0.024529240    0.027732430
   32.255450050    0.023898268    0.027288396
   32.299575153    0.023276516    0.026845235
   32.343700255    0.022664310    0.026403322
   32.387825358    0.022061933    0.025963023
   32.431950461    0.021469640    0.025524697
   32.476075563    0.020887667    0.025088695
   32.520200666    0.020316245    0.024655358
   32.564325769    0.019755593    0.024225021
   32.608450871    0.019205903    0.023798007
   32.652575974    0.018667329    0.023374633
   32.696701077    0.018139976    0.022955206
   32.740826179    0.017623920    0.022540027
   32.784951282    0.017119222    0.022129386
   32.829076385    0.016625945    0.021723567
   32.873201487    0.016144160    0.021322843
   32.917326590    0.015673935    0.020927478
   32.961451693    0.015215319    0.020537727
   33.005576796    0.014768341    0.020153836
   33.049701898    0.014333018    0.019776040
   33.093827001    0.013909368    0.019404562
   33.137952104    0.013497424    0.019039616
   33.182077206    0.013097237    0.018681405
   33.226202309    0.012708856    0.018330118
   33.270327412    0.012332317    0.017985933
   33.314452514    0.011967630    0.017649019
   33.358577617    0.011614783    0.017319532
   33.402702720    0.011273757    0.016997619
   33.446827822    0.010944536    0.016683414
   33.490952925    0.010627114    0.016377045
   33.535078028    0.010321482    0.016078627
   33.579203130    0.010027615    0.015788268
   33.623328233    0.009745463    0.015506067
   33.667453336    0.009474960    0.015232116
   33.711578438    0.009216036    0.014966499
   33.755703541    0.008968634    0.014709292
   33.799828644    0.008732714    0.014460563
   33.843953746    0.008508245    0.014220373
   33.888078849    0.008295189    0.013988776
   33.932203952    0.008093494    0.013765817
   33.976329054    0.007903096    0.013551534
   34.020454157    0.007723926    0.013345961
   34.064579260    0.007555926    0.013149119
   34.108704362    0.007399051    0.012961025
   34.152829465    0.007253259    0.012781689
   34.196954568    0.007118500    0.012611112
   34.241079670    0.006994699    0.012449290
   34.285204773    0.006881759    0.012296211
   34.329329876    0.006779572    0.012151858
   34.373454978    0.006688034    0.012016208
   34.417580081    0.006607046    0.011889232
   34.461705184    0.006536515    0.011770895
   34.505830286    0.006476339    0.011661156
   34.549955389    0.006426400    0.011559971
   34.594080492    0.006386559    0.011467289
   34.638205594    0.006356677    0.011383055
   34.682330697    0.006336619    0.011307210
   34.726455800    0.006326270    0.011239688
   34.770580902    0.006325526    0.011180421
   34.814706005    0.006334285    0.011129335
   34.858831108    0.006352432    0.011086353
   34.902956210    0.006379839    0.011051392
   34.947081313    0.006416373    0.011024367
   34.991206416    0.006461907    0.011005190
   35.035331518    0.006516322    0.010993768
   35.079456621    0.006579512    0.010990006
   35.123581724    0.006651362    0.010993807
   35.167706826    0.006731740    0.011005069
   35.211831929    0.006820493    0.011023689
   35.255957032    0.006917454    0.011049565
   35.300082134    0.007022456    0.011082588
   35.344207237    0.007135338    0.011122650
   35.388332340    0.007255949    0.011169642
   35.432457442    0.007384138    0.011223451
   35.476582545    0.007519739    0.011283963
   35.520707648    0.007662578    0.011351065
   35.564832750    0.007812471    0.011424638
   35.608957853    0.007969244    0.011504567
   35.653082956    0.008132742    0.011590732
   35.697208058    0.008302825    0.011683012
   35.741333161    0.008479364    0.011781285
   35.785458264    0.008662222    0.011885427
   35.829583366    0.008851253    0.011995315
   35.873708469    0.009046300    0.012110823
   35.917833572    0.009247212    0.012231824
   35.961958674    0.009453845    0.012358191
   36.006083777    0.009666062    0.012489794
   36.050208880    0.009883728    0.012626505
   36.094333982    0.010106690    0.012768193
   36.138459085    0.010334779    0.012914726
   36.182584188    0.010567806    0.013065971
   36.226709290    0.010805580    0.013221797
   36.270834393    0.011047919    0.013382069
   36.314959496    0.011294649    0.013546654
   36.359084598    0.011545602    0.013715416
   36.403209701    0.011800608    0.013888221
   36.447334804    0.012059487    0.014064933
   36.491459906    0.012322052    0.014245416
   36.535585009    0.012588124    0.014429535
   36.579710112    0.012857541    0.014617153
   36.623835214    0.013130156    0.014808135
   36.667960317    0.013405837    0.015002344
   36.712085420    0.013684449    0.015199644
   36.756210522    0.013965848    0.015399899
   36.800335625    0.014249876    0.015602973
   36.844460728    0.014536376    0.015808729
   36.888585830    0.014825194    0.016017032
   36.932710933    0.015116189    0.016227745
   36.976836036    0.015409218    0.016440731
   37.020961138    0.015704136    0.016655856
   37.065086241    0.016000780    0.016872981
   37.109211344    0.016298973    0.017091971
   37.153336446    0.016598537    0.017312690
   37.197461549    0.016899301    0.017535003
   37.241586652    0.017201108    0.017758775
   37.285711754    0.017503813    0.017983870
   37.329836857    0.017807272    0.018210155
   37.373961960    0.018111334    0.018437496
   37.418087062    0.018415843    0.018665760
   37.462212165    0.018720640    0.018894816
   37.506337268    0.019025578    0.019124531
   37.550462370    0.019330522    0.019354777
   37.594587473    0.019635349    0.019585423
   37.638712576    0.019939933    0.019816340
   37.682837678    0.020244140    0.020047400
   37.726962781    0.020547821    0.020278476
   37.771087884    0.020850824    0.020509442
   37.815212986    0.021152999    0.020740171
   37.859338089    0.021454210    0.020970538
   37.903463192    0.021754331    0.021200419
   37.947588294    0.022053237    0.021429690
   37.991713397    0.022350799    0.021658229
   38.035838500    0.022646878    0.021885912
   38.079963602    0.022941332    0.022112619
   38.124088705    0.023234029    0.022338231
   38.168213808    0.023524848    0.022562627
   38.212338910    0.023813682    0.022785690
   38.256464013    0.024100425    0.023007304
   38.300589116    0.024384960    0.023227351
   38.344714218    0.024667158    0.023445718
   38.388839321    0.024946881    0.023662291
   38.432964424    0.025223988    0.023876958
   38.477089526    0.025498344    0.024089610
   38.521214629    0.025769825    0.024300135
   38.565339732    0.026038302    0.024508426
   38.609464834    0.026303642    0.024714376
   38.653589937    0.026565703    0.024917879
   38.697715040    0.026824337    0.025118832
   38.741840142    0.027079407    0.025317133
   38.785965245    0.027330794    0.025512680
   38.830090348    0.027578398    0.025705375
   38.874215450    0.027822135    0.025895119
   38.918340553    0.028061924    0.026081817
   38.962465656    0.028297685    0.026265375
   39.006590758    0.028529334    0.026445699
   39.050715861    0.028756794    0.026622700
   39.094840964    0.028980000    0.026796288
   39.138966066    0.029198895    0.026966374
   39.183091169    0.029413423    0.027132872
   39.227216272    0.029623516    0.027295697
   39.271341374    0.029829089    0.027454765
   39.315466477    0.030030036    0.027609995
   39.359591580    0.030226246    0.027761305
   39.403716682    0.030417606    0.027908616
   39.447841785    0.030604009    0.028051851
   39.491966888    0.030785354    0.028190934
   39.536091990    0.030961536    0.028325791
   39.580217093    0.031132444    0.028456349
   39.624342196    0.031297967    0.028582539
   39.668467298    0.031458004    0.028704293
   39.712592401    0.031612471    0.028821546
   39.756717504    0.031761309    0.028934234
   39.800842606    0.031904478    0.029042296
   39.844967709    0.032041946    0.029145674
   39.889092812    0.032173678    0.029244312
   39.933217914    0.032299635    0.029338156
   39.977343017    0.032419779    0.029427154
   40.021468120    0.032534073    0.029511257
   40.065593222    0.032642488    0.029590417
   40.109718325    0.032744993    0.029664589
   40.153843428    0.032841548    0.029733729
   40.197968530    0.032932094    0.029797796
   40.242093633    0.033016553    0.029856749
   40.286218736    0.033094836    0.029910552
   40.330343838    0.033166854    0.029959169
   40.374468941    0.033232528    0.030002566
   40.418594044    0.033291788    0.030040710
   40.462719146    0.033344566    0.030073573
   40.506844249    0.033390794    0.030101127
   40.550969352    0.033430403    0.030123347
   40.595094454    0.033463331    0.030140211
   40.639219557    0.033489528    0.030151697
   40.683344660    0.033508970    0.030157789
   40.727469762    0.033521647    0.030158469
   40.771594865    0.033527558    0.030153726
   40.815719968    0.033526702    0.030143549
   40.859845070    0.033519069    0.030127928
   40.903970173    0.033504648    0.030106860
   40.948095276    0.033483431    0.030080339
   40.992220378    0.033455418    0.030048367
   41.036345481    0.033420615    0.030010944
   41.080470584    0.033379031    0.029968076
   41.124595686    0.033330665    0.029919769
   41.168720789    0.033275507    0.029866032
   41.212845892    0.033213538    0.029806879
   41.256970994    0.033144749    0.029742323
   41.301096097    0.033069137    0.029672384
   41.345221200    0.032986714    0.029597080
   41.389346302    0.032897498    0.029516433
   41.433471405    0.032801504    0.029430469
   41.477596508    0.032698741    0.029339215
   41.521721610    0.032589211    0.029242700
   41.565846713    0.032472921    0.029140956
   41.609971816    0.032349886    0.029034018
   41.654096918    0.032220131    0.028921921
   41.698222021    0.032083685    0.028804703
   41.742347124    0.031940572    0.028682406
   41.786472226    0.031790809    0.028555072
   41.830597329    0.031634406    0.028422748
   41.874722432    0.031471380    0.028285481
   41.918847534    0.031301759    0.028143322
   41.962972637    0.031125591    0.027996325
   42.007097740    0.030942937    0.027844546
   42.051222842    0.030753864    0.027688042
   42.095347945    0.030558442    0.027526877
   42.139473048    0.030356741    0.027361114
   42.183598150    0.030148844    0.027190821
   42.227723253    0.029934846    0.027016066
   42.271848356    0.029714862    0.026836923
   42.315973458    0.029489012    0.026653465
   42.360098561    0.029257416    0.026465769
   42.404223664    0.029020185    0.026273913
   42.448348766    0.028777414    0.026077979
   42.492473869    0.028529196    0.025878050
   42.536598972    0.028275619    0.025674209
   42.580724074    0.028016779    0.025466543
   42.624849177    0.027752770    0.025255141
   42.668974280    0.027483680    0.025040093
   42.713099382    0.027209588    0.024821491
   42.757224485    0.026930564    0.024599429
   42.801349588    0.026646679    0.024374005
   42.845474690    0.026358014    0.024145316
   42.889599793    0.026064669    0.023913463
   42.933724896    0.025766760    0.023678549
   42.977849998    0.025464410    0.023440679
   43.021975101    0.025157747    0.023199958
   43.066100204    0.024846898    0.022956497
   43.110225306    0.024531995    0.022710405
   43.154350409    0.024213180    0.022461793
   43.198475512    0.023890612    0.022210776
   43.242600614    0.023564458    0.021957468
   43.286725717    0.023234884    0.021701984
   43.330850820    0.022902052    0.021444440
   43.374975922    0.022566110    0.021184954
   43.419101025    0.022227201    0.020923644
   43.463226128    0.021885470    0.020660629
   43.507351230    0.021541070    0.020396028
   43.551476333    0.021194162    0.020129959
   43.595601436    0.020844910    0.019862544
   43.639726538    0.020493473    0.019593901
   43.683851641    0.020140007    0.019324151
   43.727976744    0.019784666    0.019053415
   43.772101846    0.019427613    0.018781812
   43.816226949    0.019069024    0.018509462
   43.860352052    0.018709089    0.018236486
   43.904477154    0.018348006    0.017963001
   43.948602257    0.017985966    0.017689127
   43.992727360    0.017623155    0.017414982
   44.036852462    0.017259752    0.017140682
   44.080977565    0.016895939    0.016866343
