    0.000000000    0.004512721    0.045723248
    0.044125103    0.004893033    0.049142171
    0.088250205    0.005312267    0.052774518
    0.132375308    0.005777335    0.056627945
    0.176500411    0.006288257    0.060709774
    0.220625513    0.006840391    0.065026891
    0.264750616    0.007430266    0.069585617
    0.308875719    0.008060742    0.074391576
    0.353000821    0.008741781    0.079449588
    0.397125924    0.009486277    0.084763620
    0.441251027    0.010304014    0.090336736
    0.485376129    0.011198192    0.096171046
    0.529501232    0.012167059    0.102267606
    0.573626335    0.013209486    0.108626287
    0.617751437    0.014330430    0.115245647
    0.661876540    0.015542337    0.122122833
    0.706001643    0.016861487    0.129253544
    0.750126745    0.018301997    0.136632031
    0.794251848    0.019871883    0.144251094
    0.838376951    0.021574091    0.152102066
    0.882502053    0.023411774    0.160174770
    0.926627156    0.025394005    0.168457489
    0.970752259    0.027537794    0.176936966
    1.014877361    0.029864995    0.185598464
    1.059002464    0.032396398    0.194425865
    1.103127567    0.035147373    0.203401772
    1.147252669    0.038128278    0.212507592
    1.191377772    0.041349367    0.221723604
    1.235502875    0.044826655    0.231029042
    1.279627977    0.048584492    0.240402228
    1.323753080    0.052653003    0.249820775
    1.367878183    0.057062288    0.259261836
    1.412003285    0.061837641    0.268702377
    1.456128388    0.066999264    0.278119413
    1.500253491    0.072566699    0.287490216
    1.544378593    0.078564707    0.296792485
    1.588503696    0.085026294    0.306004533
    1.632628799    0.091990621    0.315105479
    1.676753901    0.099497283    0.324075452
    1.720879004    0.107581045    0.332895762
    1.765004107    0.116270769    0.341549014
    1.809129209    0.125593196    0.350019165
    1.853254312    0.135578648    0.358291534
    1.897379415    0.146264309    0.366352823
    1.941504517    0.157692478    0.374191162
    1.985629620    0.169904808    0.381796173
    2.029754723    0.182936450    0.389159029
    2.073879825    0.196814054    0.396272469
    2.118004928    0.211558712    0.403130752
    2.162130031    0.227191314    0.409729574
    2.206255133    0.243735982    0.416065987
    2.250380236    0.261218636    0.422138329
    2.294505339    0.279661299    0.427946192
    2.338630441    0.299075810    0.433490377
    2.382755544    0.319461096    0.438772827
    2.426880647    0.340805513    0.443796513
    2.471005749    0.363092124    0.448565295
    2.515130852    0.386302635    0.453083794
    2.559255955    0.410416720    0.457357302
    2.603381057    0.435406870    0.461391728
    2.647506160    0.461232181    0.465193551
    2.691631263    0.487835324    0.468769757
    2.735756365    0.515144656    0.472127736
    2.779881468    0.543079736    0.475275149
    2.824006571    0.571556076    0.478219815
    2.868131673    0.600485553    0.480969622
    2.912256776    0.629772121    0.483532498
    2.956381879    0.659305917    0.485916385
    3.000506981    0.688960087    0.488129206
    3.044632084    0.718592757    0.490178795
    3.088757187    0.748052960    0.492072798
    3.132882289    0.777186631    0.493818592
    3.177007392    0.805838957    0.495423227
    3.221132495    0.833852243    0.496893427
    3.265257597    0.861061933    0.498235601
    3.309382700    0.887294877    0.499455854
    3.353507803    0.912372355    0.500559952
    3.397632905    0.936116888    0.501553264
    3.441758008    0.958359029    0.502440706
    3.485883111    0.978940324    0.503226714
    3.530008213    0.997711393    0.503915261
    3.574133316    1.014527746    0.504509903
    3.618258419    1.029247730    0.505013800
    3.662383521    1.041735651    0.505429716
    3.706508624    1.051869561    0.505759972
    3.750633727    1.059549968    0.506006401
    3.794758829    1.064705091    0.506170329
    3.838883932    1.067290751    0.506252597
    3.883009035    1.067286610    0.506253607
    3.927134137    1.064692715    0.506173357
    3.971259240    1.059529505    0.506011442
    4.015384343    1.051841280    0.505767021
    4.059509445    1.041699957    0.505438763
    4.103634548    1.029205147    0.505024832
    4.147759651    1.014478879    0.504522903
    4.191884753    0.997656881    0.503930213
    4.236009856    0.978880812    0.503243595
    4.280134959    0.958295165    0.502459493
    4.324260061    0.936049342    0.501573931
    4.368385164    0.912301843    0.500582470
    4.412510267    0.887222155    0.499480191
    4.456635369    0.860987777    0.498261721
    4.500760472    0.833777408    0.496921294
    4.544885575    0.805764159    0.495452801
    4.589010677    0.777112541    0.493849832
    4.633135780    0.747980226    0.492105659
    4.677260883    0.718522024    0.490213231
    4.721385985    0.688891996    0.488165169
    4.765511088    0.659241088    0.485953824
    4.809636191    0.629711114    0.483571361
    4.853761293    0.600428850    0.481009856
    4.897886396    0.571504082    0.478261367
    4.942011499    0.543032806    0.475317965
    4.986136601    0.515103122    0.472171761
    5.030261704    0.487799508    0.468814936
    5.074386807    0.461202378    0.465239829
    5.118511909    0.435383316    0.461439051
    5.162637012    0.410399574    0.457405618
    5.206762115    0.386291977    0.453133051
    5.250887217    0.363087985    0.448615446
    5.295012320    0.340807902    0.443847512
    5.339137423    0.319470022    0.438824630
    5.383262525    0.299091269    0.433542944
    5.427387628    0.279683248    0.427999486
    5.471512731    0.261246972    0.422192319
    5.515637833    0.243770541    0.416120645
    5.559762936    0.227231900    0.409784879
    5.603888039    0.211605128    0.403186686
    5.648013141    0.196866124    0.396329022
    5.692138244    0.182994011    0.389216194
    5.736263347    0.169967685    0.381853951
    5.780388449    0.157760461    0.374249561
    5.824513552    0.146337147    0.366411857
    5.868638655    0.135656074    0.358351223
    5.912763757    0.125674960    0.350079536
    5.956888860    0.116356655    0.341610099
    6.001013963    0.107670869    0.332957600
    6.045139065    0.099590868    0.324138089
    6.089264168    0.092087766    0.315168965
    6.133389271    0.085126770    0.306068925
    6.177514373    0.078668273    0.296857844
    6.221639476    0.072673133    0.287556608
    6.265764579    0.067108387    0.278186908
    6.309889681    0.061949312    0.268771046
    6.354014784    0.057176381    0.259331753
    6.398139887    0.052769374    0.249892013
    6.442264989    0.048702972    0.240474862
    6.486390092    0.044947060    0.231103142
    6.530515195    0.041471532    0.221799241
    6.574640297    0.038252077    0.212584831
    6.618765400    0.035272722    0.203480674
    6.662890503    0.032523230    0.194506486
    6.707015606    0.029993227    0.185680854
    6.751140708    0.027667315    0.177021170
    6.795265811    0.025524683    0.168543546
    6.839390914    0.023543492    0.160262713
    6.883516016    0.021706767    0.152191920
    6.927641119    0.020005474    0.144342879
    6.971766222    0.018436478    0.136725760
    7.015891324    0.016996819    0.129349224
    7.060016427    0.015678450    0.122220462
    7.104141530    0.014467230    0.115345221
    7.148266632    0.013346884    0.108727794
    7.192391735    0.012305000    0.102371027
    7.236516838    0.011336658    0.096276358
    7.280641940    0.010443009    0.090443910
    7.324767043    0.009625791    0.084872623
    7.368892146    0.008881772    0.079560382
    7.413017248    0.008201141    0.074504118
    7.457142351    0.007571003    0.069699865
    7.501267454    0.006981427    0.065142795
    7.545392556    0.006429588    0.060827284
    7.589517659    0.005918983    0.056747008
    7.633642762    0.005454240    0.052895077
    7.677767864    0.005035309    0.049264172
    7.721892967    0.004655245    0.045846632
    7.766018070    0.004303204    0.042634515
    7.810143172    0.003970449    0.039619616
    7.854268275    0.003654983    0.036793513
    7.898393378    0.003361392    0.034147640
    7.942518480    0.003096019    0.031673391
    7.986643583    0.002860944    0.029362230
    8.030768686    0.002651191    0.027205757
    8.074893788    0.002457163    0.025195735
    8.119018891    0.002270567    0.023324073
    8.163143994    0.002089463    0.021582834
    8.207269096    0.001918776    0.019964259
    8.251394199    0.001765854    0.018460840
    8.295519302    0.001634318    0.017065383
    8.339644404    0.001520684    0.015771046
    8.383769507    0.001416228    0.014571327
    8.427894610    0.001312731    0.013460022
    8.472019712    0.001207920    0.012431186
    8.516144815    0.001106619    0.011479133
    8.560269918    0.001016760    0.010598464
    8.604395020    0.000943152    0.009784123
    8.648520123    0.000883552    0.009031405
    8.692645226    0.000829910    0.008335940
    8.736770328    0.000773895    0.007693625
    8.780895431    0.000712657    0.007100578
    8.825020534    0.000650628    0.006553114
    8.869145636    0.000596024    0.006047771
    8.913270739    0.000554601    0.005581348
    8.957395842    0.000525209    0.005150925
    9.001520944    0.000500400    0.004753836
    9.045646047    0.000471658    0.004387608
    9.089771150    0.000435436    0.004049906
    9.133896252    0.000395592    0.003738509
    9.178021355    0.000360434    0.003451328
    9.222146458    0.000336516    0.003186449
    9.266271560    0.000323717    0.002942156
    9.310396663    0.000315187    0.002716916
    9.354521766    0.000302232    0.002509319
    9.398646868    0.000280556    0.002318026
    9.442771971    0.000253321    0.002141737
    9.486897074    0.000228767    0.001979219
    9.531022176    0.000214129    0.001829346
    9.575147279    0.000210268    0.001691132
    9.619272382    0.000210961    0.001563722
    9.663397484    0.000207364    0.001446342
    9.707522587    0.000194414    0.001338244
    9.751647690    0.000174482    0.001238675
    9.795772792    0.000155615    0.001146903
    9.839897895    0.000145623    0.001062260
    9.884022998    0.000146330    0.000984181
    9.928148100    0.000152184    0.000912204
    9.972273203    0.000154258    0.000845922
   10.016398306    0.000146735    0.000784929
   10.060523408    0.000131135    0.000728793
   10.104648511    0.000115203    0.000677068
   10.148773614    0.000107238    0.000629344
   10.192898716    0.000110007    0.000585296
   10.237023819    0.000118686    0.000544681
   10.281148922    0.000124341    0.000507302
   10.325274024    0.000120432    0.000472952
   10.369399127    0.000107578    0.000441377
   10.413524230    0.000093119    0.000412298
   10.457649332    0.000085752    0.000385450
   10.501774435    0.000089168    0.000360638
   10.545899538    0.000099324    0.000337742
   10.590024640    0.000107365    0.000316684
   10.634149743    0.000106066    0.000297372
   10.678274846    0.000095116    0.000279660
   10.722399948    0.000081355    0.000263361
   10.766525051    0.000073790    0.000248293
   10.810650154    0.000077012    0.000234331
   10.854775256    0.000087818    0.000221425
   10.898900359    0.000097517    0.000209564
   10.943025462    0.000098264    0.000198722
   10.987150564    0.000088791    0.000188819
   11.031275667    0.000075350    0.000179721
   11.075400770    0.000067169    0.000171292
   11.119525872    0.000069708    0.000163445
   11.163650975    0.000080653    0.000156164
   11.207776078    0.000091574    0.000149475
   11.251901180    0.000094064    0.000143395
   11.296026283    0.000085884    0.000137881
   11.340151386    0.000072620    0.000132833
   11.384276488    0.000063622    0.000128140
   11.428401591    0.000065185    0.000123730
   11.472526694    0.000075925    0.000119607
   11.516651796    0.000087768    0.000115818
   11.560776899    0.000091820    0.000112404
   11.604902002    0.000084869    0.000109349
   11.649027104    0.000071754    0.000106573
   11.693152207    0.000061855    0.000103977
   11.737277310    0.000062252    0.000101499
   11.781402412    0.000072536    0.000099147
   11.825527515    0.000085079    0.000096980
   11.869652618    0.000090583    0.000095056
   11.913777720    0.000084867    0.000093375
   11.957902823    0.000071952    0.000091873
   12.002027926    0.000061146    0.000090456
   12.046153028    0.000060264    0.000089064
   12.090278131    0.000069900    0.000087705
   12.134403234    0.000082968    0.000086443
   12.178528336    0.000089847    0.000085347
   12.222653439    0.000085407    0.000084432
   12.266778542    0.000072781    0.000083642
   12.310903644    0.000061108    0.000082888
   12.355028747    0.000058872    0.000082106
   12.399153850    0.000067698    0.000081303
   12.443278952    0.000081129    0.000080544
   12.487404055    0.000089315    0.000079905
   12.531529158    0.000086203    0.000079413
   12.575654260    0.000073978    0.000079020
   12.619779363    0.000061505    0.000078640
   12.663904466    0.000057872    0.000078204
   12.708029568    0.000065746    0.000077713
   12.752154671    0.000079389    0.000077233
   12.796279774    0.000088820    0.000076845
   12.840404876    0.000087095    0.000076585
   12.884529979    0.000075397    0.000076414
   12.928655082    0.000062216    0.000076246
   12.972780184    0.000057166    0.000076009
   13.016905287    0.000063960    0.000075695
   13.061030390    0.000077667    0.000075368
   13.105155492    0.000088274    0.000075115
   13.149280595    0.000087989    0.000074980
   13.193405698    0.000076951    0.000074932
   13.237530800    0.000063168    0.000074886
   13.281655903    0.000056696    0.000074764
   13.325781006    0.000062294    0.000074551
   13.369906108    0.000075914    0.000074309
   13.414031211    0.000087620    0.000074125
   13.458156314    0.000088824    0.000074055
   13.502281416    0.000078580    0.000074074
   13.546406519    0.000064314    0.000074099
   13.590531622    0.000056434    0.000074047
   13.634656724    0.000060729    0.000073894
   13.678781827    0.000074112    0.000073696
   13.722906930    0.000086829    0.000073547
   13.767032032    0.000089562    0.000073507
   13.811157135    0.000080248    0.000073561
   13.855282238    0.000065630    0.000073628
   13.899407340    0.000056369    0.000073619
   13.943532443    0.000059265    0.000073502
   13.987657546    0.000072257    0.000073329
   14.031782648    0.000085887    0.000073192
   14.075907751    0.000090176    0.000073163
   14.120032854    0.000081924    0.000073235
   14.164157956    0.000067094    0.000073327
   14.208283059    0.000056495    0.000073347
   14.252408162    0.000057903    0.000073254
   14.296533264    0.000070350    0.000073092
   14.340658367    0.000084784    0.000072958
   14.384783470    0.000090645    0.000072929
   14.428908572    0.000083587    0.000073006
   14.473033675    0.000068692    0.000073114
   14.517158778    0.000056812    0.000073155
   14.561283880    0.000056655    0.000073078
   14.605408983    0.000068400    0.000072922
   14.649534086    0.000083517    0.000072782
   14.693659188    0.000090955    0.000072745
   14.737784291    0.000085215    0.000072822
   14.781909394    0.000070411    0.000072939
   14.826034496    0.000057320    0.000072995
   14.870159599    0.000055530    0.000072931
   14.914284702    0.000066417    0.000072775
   14.958409804    0.000082086    0.000072626
   15.002534907    0.000091090    0.000072576
   15.046660010    0.000086788    0.000072645
   15.090785112    0.000072237    0.000072767
   15.134910215    0.000058018    0.000072834
   15.179035318    0.000054540    0.000072779
   15.223160420    0.000064414    0.000072622
   15.267285523    0.000080493    0.000072459
   15.311410626    0.000091040    0.000072390
   15.355535728    0.000088287    0.000072448
   15.399660831    0.000074156    0.000072569
   15.443785934    0.000058909    0.000072643
   15.487911036    0.000053699    0.000072592
   15.532036139    0.000062404    0.000072428
   15.576161242    0.000078739    0.000072247
   15.620286344    0.000090790    0.000072154
   15.664411447    0.000089693    0.000072192
   15.708536550    0.000076152    0.000072305
   15.752661652    0.000059989    0.000072380
   15.796786755    0.000053015    0.000072328
   15.840911858    0.000060397    0.000072152
   15.885036960    0.000076823    0.000071943
   15.929162063    0.000090317    0.000071817
   15.973287166    0.000090961    0.000071826
   16.017412268    0.000078174    0.000071920
   16.061537371    0.000061205    0.000071985
   16.105662474    0.000052438    0.000071921
   16.149787576    0.000058340    0.000071721
   16.193912679    0.000074683    0.000071473
   16.238037782    0.000089557    0.000071298
   16.282162884    0.000092036    0.000071259
   16.326287987    0.000080190    0.000071317
   16.370413090    0.000062567    0.000071353
   16.414538192    0.000052011    0.000071258
   16.458663295    0.000056294    0.000071013
   16.502788398    0.000072375    0.000070701
   16.546913500    0.000088545    0.000070450
   16.591038603    0.000092935    0.000070336
   16.635163706    0.000082209    0.000070326
   16.679288808    0.000064080    0.000070300
   16.723413911    0.000051744    0.000070139
   16.767539014    0.000054265    0.000069811
   16.811664116    0.000069892    0.000069394
   16.855789219    0.000087256    0.000069020
   16.899914322    0.000093618    0.000068779
   16.944039424    0.000084191    0.000068644
   16.988164527    0.000065716    0.000068498
   17.032289630    0.000051620    0.000068208
   17.076414732    0.000052238    0.000067727
   17.120539835    0.000067207    0.000067129
   17.164664938    0.000085644    0.000066549
   17.208790040    0.000094023    0.000066088
   17.252915143    0.000086068    0.000065731
   17.297040246    0.000067417    0.000065357
   17.341165348    0.000051593    0.000064823
   17.385290451    0.000050170    0.000064067
   17.429415554    0.000064267    0.000063151
   17.473540656    0.000083633    0.000062215
   17.517665759    0.000094058    0.000061372
   17.561790862    0.000087746    0.000060616
   17.605915964    0.000069095    0.000059825
   17.650041067    0.000051584    0.000058842
   17.694166170    0.000047981    0.000057586
   17.738291272    0.000060973    0.000056108
   17.782416375    0.000081101    0.000054550
   17.826541478    0.000093573    0.000053034
   17.870666580    0.000089059    0.000051564
   17.914791683    0.000070583    0.000050015
   17.958916786    0.000051426    0.000048214
   18.003041888    0.000045495    0.000046057
   18.047166991    0.000057125    0.000043580
   18.091292094    0.000077809    0.000040922
   18.135417196    0.000092299    0.000038214
   18.179542299    0.000089719    0.000035468
   18.223667402    0.000071584    0.000032552
   18.267792504    0.000050819    0.000029273
   18.311917607    0.000042396    0.000025498
   18.356042710    0.000052376    0.000021243
   18.400167812    0.000073367    0.000016638
   18.444292915    0.000089797    0.000011817
   18.488418018    0.000089249    0.000006795
   18.532543120    0.000071596    0.000001430
   18.576668223    0.000049230   -0.000004502
   18.620793326    0.000038109   -0.000011170
   18.664918428    0.000046084   -0.000018592
   18.709043531    0.000067049   -0.000026654
   18.753168634    0.000085259   -0.000035228
   18.797293736    0.000086766   -0.000044305
   18.841418839    0.000069670   -0.000054050
   18.885543942    0.000045649   -0.000064727
   18.929669044    0.000031544   -0.000076560
   18.973794147    0.000037060   -0.000089617
   19.017919250    0.000057554   -0.000103817
   19.062044352    0.000077263   -0.000119053
   19.106169455    0.000080736   -0.000135340
   19.150294558    0.000064165   -0.000152883
   19.194419660    0.000038318   -0.000172013
   19.238544763    0.000020806   -0.000193033
   19.282669866    0.000023236   -0.000216092
   19.326794968    0.000042606   -0.000241173
   19.370920071    0.000063312   -0.000268219
   19.415045174    0.000068434   -0.000297298
   19.459170276    0.000052122   -0.000328694
   19.503295379    0.000024026   -0.000362843
   19.547420482    0.000002395   -0.000400178
   19.591545584    0.000000781   -0.000440973
   19.635670687    0.000018010   -0.000485329
   19.679795790    0.000038827   -0.000533292
   19.723920892    0.000044889   -0.000585038
   19.768045995    0.000028171   -0.000640991
   19.812171098   -0.000003025   -0.000701764
   19.856296201   -0.000029960   -0.000767999
   19.900421303   -0.000037108   -0.000840186
   19.944546406   -0.000023628   -0.000918629
   19.988671509   -0.000004226   -0.001003574
   20.032796611    0.000001390   -0.001095407
   20.076921714   -0.000017128   -0.001194803
   20.121046817   -0.000053070   -0.001302682
   20.165171919   -0.000087391   -0.001420035
   20.209297022   -0.000102570   -0.001547721
   20.253422125   -0.000095558   -0.001686412
   20.297547227   -0.000080295   -0.001836718
   20.341672330   -0.000077791   -0.001999418
   20.385797433   -0.000100864   -0.002175637
   20.429922535   -0.000144668   -0.002366826
   20.474047638   -0.000190057   -0.002574569
   20.518172741   -0.000217511   -0.002800363
   20.562297843   -0.000221577   -0.003045526
   20.606422946   -0.000215201   -0.003311331
   20.650548049   -0.000220625   -0.003599273
   20.694673151   -0.000253314   -0.003911278
   20.738798254   -0.000310599   -0.004249720
   20.782923357   -0.000373485   -0.004617217
   20.827048459   -0.000420488   -0.005016368
   20.871173562   -0.000443560   -0.005449640
   20.915298665   -0.000454425   -0.005919500
   20.959423767   -0.000476502   -0.006428725
   21.003548870   -0.000528104   -0.006980674
   21.047673973   -0.000609114   -0.007579332
   21.091799075   -0.000700993   -0.008229105
   21.135924178   -0.000780350   -0.008934511
   21.180049281   -0.000836364   -0.009700028
   21.224174383   -0.000879294   -0.010530233
   21.268299486   -0.000933686   -0.011430164
   21.312424589   -0.001020957   -0.012405680
   21.356549691   -0.001143988   -0.013463556
   21.400674794   -0.001285086   -0.014611269
   21.444799897   -0.001419083   -0.015856638
   21.488924999   -0.001532235   -0.017207615
   21.533050102   -0.001633138   -0.018672431
   21.577175205   -0.001747479   -0.020260042
   21.621300307   -0.001900145   -0.021980604
   21.665425410   -0.002097617   -0.023845650
   21.709550513   -0.002323596   -0.025867870
   21.753675615   -0.002551376   -0.028060666
   21.797800718   -0.002764221   -0.030437858
   21.841925821   -0.002968916   -0.033013824
   21.886050923   -0.003192390   -0.035804068
   21.930176026   -0.003463516   -0.038825873
   21.974301129   -0.003793165   -0.042098612
   22.018426231   -0.004167169   -0.045643505
   22.062551334   -0.004557682   -0.049483019
   22.106676437   -0.004945008   -0.053640398
   22.150801539   -0.005334089   -0.058139772
   22.194926642   -0.005753381   -0.063006919
   22.239051745   -0.006236543   -0.068270246
   22.283176847   -0.006800010   -0.073961331
   22.327301950   -0.007432886   -0.080114592
   22.371427053   -0.008106942   -0.086766256
   22.415552155   -0.008799873   -0.093953338
   22.459677258   -0.009515055   -0.101713562
   22.503802361   -0.010283158   -0.110086624
   22.547927463   -0.011143967   -0.119116359
   22.592052566   -0.012121283   -0.128852595
   22.636177669   -0.013209258   -0.139351248
   22.680302771   -0.014380576   -0.150671856
   22.724427874   -0.015611114   -0.162872802
   22.768552977   -0.016903403   -0.176005579
   22.812678079   -0.018291589   -0.190109822
   22.856803182   -0.019823708   -0.205210480
   22.900928285   -0.021533708   -0.221317429
   22.945053387   -0.023423586   -0.238426835
   22.989178490   -0.025469199   -0.256522941
   23.033303593   -0.027646283   -0.275579113
   23.077428695   -0.029958202   -0.295557645
   23.121553798   -0.032445059   -0.316408558
   23.165678901   -0.035166874   -0.338068130
   23.209804003   -0.038172421   -0.360457868
   23.253929106   -0.041476311   -0.383484374
   23.298054209   -0.045061648   -0.407040132
   23.342179311   -0.048907323   -0.431005105
   23.386304414   -0.053020830   -0.455248985
   23.430429517   -0.057452650   -0.479634050
   23.474554619   -0.062280947   -0.504018586
   23.518679722   -0.067576818   -0.528260723
   23.562804825   -0.073375109   -0.552222399
   23.606929927   -0.079672779   -0.575773043
   23.651055030   -0.086457371   -0.598792647
   23.695180133   -0.093746059   -0.621174019
   23.739305235   -0.101606997   -0.642824166
   23.783430338   -0.110146539   -0.663664812
   23.827555441   -0.119470314   -0.683632116
   23.871680543   -0.129645902   -0.702675755
   23.915805646   -0.140695101   -0.720757713
   23.959930749   -0.152623325   -0.737851314
   24.004055851   -0.165466649   -0.753941055
   24.048180954   -0.179322851   -0.769023455
   24.092306057   -0.194342735   -0.783108574
   24.136431159   -0.210686016   -0.796221205
   24.180556262   -0.228472562   -0.808400581
   24.224681365   -0.247765213   -0.819697793
   24.268806467   -0.268599452   -0.830171060
   24.312931570   -0.291041531   -0.839880026
   24.357056673   -0.315234236   -0.848880810
   24.401181775   -0.341395518   -0.857223252
   24.445306878   -0.369767352   -0.864950860
   24.489431981   -0.400548903   -0.872102744
   24.533557083   -0.433862745   -0.878716043
   24.577682186   -0.469783006   -0.884827452
   24.621807289   -0.508411244   -0.890473178
   24.665932391   -0.549948832   -0.895687743
   24.710057494   -0.594711076   -0.900502642
   24.754182597   -0.643064337   -0.904945829
   24.798307699   -0.695321599   -0.909042328
   24.842432802   -0.751667908   -0.912815483
   24.886557905   -0.812177383   -0.916287990
   24.930683007   -0.876928991   -0.919482087
   24.974808110   -0.946160184   -0.922418895
   25.018933213   -1.020358733   -0.925117497
   25.063058315   -1.100211761   -0.927594482
   25.107183418   -1.186400902   -0.929864302
   25.151308521   -1.279316036   -0.931940202
   25.195433623   -1.378809521   -0.933835084
   25.239558726   -1.484099312   -0.935561750
   25.283683829   -1.593859817   -0.937132421
   25.327808931   -1.706452044   -0.938557954
   25.371934034   -1.820186108   -0.939847364
   25.416059137   -1.933507632   -0.941008035
   25.460184239   -2.045050013   -0.942046470
   25.504309342   -2.153564947   -0.942969069
   25.548434445   -2.257795640   -0.943782398
   25.592559547   -2.356368422   -0.944492800
   25.636684650   -2.447752192   -0.945105664
   25.680809753   -2.530293766   -0.945624909
   25.724934855   -2.602305728   -0.946053084
   25.769059958   -2.662174128   -0.946392008
   25.813185061   -2.708462447   -0.946643500
   25.857310163   -2.740002045   -0.946809674
   25.901435266   -2.755966823   -0.946892606
   25.945560369   -2.755928974   -0.946893615
   25.989685471   -2.739889582   -0.946812696
   26.033810574   -2.708278535   -0.946648524
   26.077935677   -2.661923798   -0.946399024
   26.122060779   -2.601995538   -0.946062078
   26.166185882   -2.529931391   -0.945635871
   26.210310985   -2.447345931   -0.945118581
   26.254436087   -2.355926656   -0.944507653
   26.298561190   -2.257326313   -0.943799158
   26.342686293   -2.153075238   -0.942987701
   26.386811395   -2.044546334   -0.942066938
   26.430936498   -1.932996031   -0.941030299
   26.475061601   -1.819672915   -0.939871387
   26.519186703   -1.705944426   -0.938583694
   26.563311806   -1.593365865   -0.937159831
   26.607436909   -1.483627420   -0.935590772
   26.651562011   -1.378367193   -0.933865650
   26.695687114   -1.278908552   -0.931972239
   26.739812217   -1.186030450   -0.929897736
   26.783937319   -1.099877448   -0.927629237
   26.828062422   -1.020057513   -0.925153494
   26.872187525   -0.945888297   -0.922456044
   26.916312627   -0.876683281   -0.919520285
   26.960437730   -0.811955960   -0.916327122
   27.004562833   -0.751470003   -0.912855425
   27.048687935   -0.695146859   -0.909082953
   27.092813038   -0.642912080   -0.904987005
   27.136938141   -0.594579934   -0.900544232
   27.181063243   -0.549836928   -0.895729599
   27.225188346   -0.508316708   -0.890515132
   27.269313449   -0.469704439   -0.884869318
   27.313438551   -0.433799351   -0.878757623
   27.357563654   -0.400500232   -0.872143833
   27.401688757   -0.369732880   -0.864991253
   27.445813859   -0.341374355   -0.857262736
   27.489938962   -0.315225150   -0.848919157
   27.534064065   -0.291043239   -0.839916979
   27.578189167   -0.268610955   -0.830206325
   27.622314270   -0.247785940   -0.819731052
   27.666439373   -0.228502243   -0.808431506
   27.710564475   -0.210724381   -0.796249487
   27.754689578   -0.194389269   -0.783133955
   27.798814681   -0.179376764   -0.769045742
   27.842939783   -0.165527062   -0.753960128
   27.887064886   -0.152689537   -0.737867125
   27.931189989   -0.140766739   -0.720770274
   27.975315091   -0.129722852   -0.702685137
   28.019440194   -0.119552496   -0.683638442
   28.063565297   -0.110233695   -0.663668265
   28.107690399   -0.101698627   -0.642824991
   28.151815502   -0.093841554   -0.621172532
   28.195940605   -0.086556230   -0.598789237
   28.240065707   -0.079774753   -0.575768171
   28.284190810   -0.073480181   -0.552216594
   28.328315913   -0.067685022   -0.528254572
   28.372441015   -0.062392183   -0.504012723
   28.416566118   -0.057566604   -0.479629139
   28.460691221   -0.053137067   -0.455245694
   28.504816323   -0.049025468   -0.431004096
   28.548941426   -0.045181529   -0.407042036
   28.593066529   -0.041597961   -0.383489778
   28.637191631   -0.038295938   -0.360467303
   28.681316734   -0.035292256   -0.338082057
   28.725441837   -0.032572116   -0.316427368
   28.769566939   -0.030086614   -0.295581652
   28.813692042   -0.027775757   -0.275608562
   28.857817145   -0.025599606   -0.256558011
   28.901942247   -0.023554979   -0.238467649
   28.946067350   -0.021666218   -0.221364056
   28.990192453   -0.019957389   -0.205262936
   29.034317555   -0.018426330   -0.190168059
   29.078442658   -0.017038962   -0.176069476
   29.122567761   -0.015747250   -0.162942165
   29.166692863   -0.014517178   -0.150746422
   29.210817966   -0.013346383   -0.139430708
   29.254943069   -0.012259071   -0.128936620
   29.299068171   -0.011282506   -0.119204631
   29.343193274   -0.010422391   -0.110178850
   29.387318377   -0.009654794   -0.101809484
   29.431443479   -0.008939913   -0.094052724
   29.475568582   -0.008247182   -0.086868891
   29.519693685   -0.007573376   -0.080220268
   29.563818787   -0.006940891   -0.074069840
   29.607943890   -0.006377924   -0.068381392
   29.652068993   -0.005895240   -0.063120514
   29.696194095   -0.005476279   -0.058255647
   29.740319198   -0.005087349   -0.053758400
   29.784444301   -0.004700075   -0.049603007
   29.828569403   -0.004309655   -0.045765342
   29.872694506   -0.003935877   -0.042222168
   29.916819609   -0.003606571   -0.038951022
   29.960944711   -0.003335793   -0.035930694
   30.005069814   -0.003112550   -0.033141821
   30.049194917   -0.002907924   -0.030567130
   30.093320019   -0.002695050   -0.028191126
   30.137445122   -0.002467268   -0.025999435
   30.181570225   -0.002241411   -0.023978241
   30.225695327   -0.002044181   -0.022114144
   30.269820430   -0.001891783   -0.020394460
   30.313945533   -0.001777619   -0.018807661
   30.358070635   -0.001676748   -0.017343601
   30.402195738   -0.001563530   -0.015993328
   30.446320841   -0.001429481   -0.014748615
   30.490445943   -0.001288443   -0.013601510
   30.534571046   -0.001165594   -0.012544195
   30.578696149   -0.001078546   -0.011569197
   30.622821251   -0.001024307   -0.010669745
   30.666946354   -0.000981397   -0.009839986
   30.711071457   -0.000925304   -0.009074884
   30.755196559   -0.000845869   -0.008369865
   30.799321662   -0.000754010   -0.007720450
   30.843446765   -0.000673138   -0.007122123
   30.887571867   -0.000621726   -0.006570479
   30.931696970   -0.000599786   -0.006061535
   30.975822073   -0.000588936   -0.005591937
   31.019947175   -0.000565779   -0.005158910
   31.064072278   -0.000518680   -0.004759988
   31.108197381   -0.000455781   -0.004392703
   31.152322483   -0.000398597   -0.004054456
   31.196447586   -0.000366071   -0.003742630
   31.240572689   -0.000360771   -0.003454854
   31.284697791   -0.000367163   -0.003189203
   31.328822894   -0.000363011   -0.002944185
   31.372947997   -0.000335449   -0.002718527
   31.417073099   -0.000290025   -0.002510909
   31.461198202   -0.000246294   -0.002319837
   31.505323305   -0.000223362   -0.002143723
   31.549448407   -0.000225983   -0.001981120
   31.593573510   -0.000241266   -0.001830905
   31.637698613   -0.000248198   -0.001692300
   31.681823715   -0.000232908   -0.001564695
   31.725948818   -0.000198534   -0.001447417
   31.770073921   -0.000162643   -0.001339607
   31.814199023   -0.000144249   -0.001240274
   31.858324126   -0.000149977   -0.001148498
   31.902449229   -0.000169406   -0.001063608
   31.946574331   -0.000182813   -0.000985215
   31.990699434   -0.000175553   -0.000913077
   32.034824537   -0.000148552   -0.000846888
   32.078949639   -0.000117389   -0.000786156
   32.123074742   -0.000100780   -0.000730242
   32.167199845   -0.000106951   -0.000678529
   32.211324947   -0.000127801   -0.000630599
   32.255450050   -0.000144967   -0.000586273
   32.299575153   -0.000143244   -0.000545507
   32.343700255   -0.000121539   -0.000508201
   32.387825358   -0.000093459   -0.000474078
   32.431950461   -0.000077244   -0.000442705
   32.476075563   -0.000082472   -0.000413645
   32.520200666   -0.000103219   -0.000386619
   32.564325769   -0.000122537   -0.000361557
   32.608450871   -0.000124862   -0.000338516
   32.652575974   -0.000107270   -0.000317514
   32.696701077   -0.000081427   -0.000298400
   32.740826179   -0.000064940   -0.000280871
   32.784951282   -0.000068517   -0.000264596
   32.829076385   -0.000088275   -0.000249372
   32.873201487   -0.000108727   -0.000235183
   32.917326590   -0.000114145   -0.000222138
   32.961451693   -0.000099956   -0.000210317
   33.005576796   -0.000075927   -0.000199650
   33.049701898   -0.000058904   -0.000189914
   33.093827001   -0.000060512   -0.000180844
   33.137952104   -0.000078777   -0.000172277
   33.182077206   -0.000099713   -0.000164221
   33.226202309   -0.000107596   -0.000156807
   33.270327412   -0.000096388   -0.000150146
   33.314452514   -0.000074004   -0.000144221
   33.358577617   -0.000056413   -0.000138861
   33.402702720   -0.000055962   -0.000133843
   33.446827822   -0.000072454   -0.000129026
   33.490952925   -0.000093426   -0.000124425
   33.535078028   -0.000103322   -0.000120173
   33.579203130   -0.000094811   -0.000116404
   33.623328233   -0.000074018   -0.000113128
   33.667453336   -0.000055936   -0.000110216
   33.711578438   -0.000053449   -0.000107471
   33.755703541   -0.000068005   -0.000104765
   33.799828644   -0.000088681   -0.000102109
   33.843953746   -0.000100235   -0.000099635
   33.888078849   -0.000094216   -0.000097480
   33.932203952   -0.000075024   -0.000095681
   33.976329054   -0.000056589   -0.000094134
   34.020454157   -0.000052164   -0.000092666
   34.064579260   -0.000064706   -0.000091150
   34.108704362   -0.000084835   -0.000089592
   34.152829465   -0.000097759   -0.000088116
   34.196954568   -0.000094069   -0.000086862
   34.241079670   -0.000076515   -0.000085881
   34.285204773   -0.000057897   -0.000085091
   34.329329876   -0.000051668   -0.000084335
   34.373454978   -0.000062165   -0.000083492
   34.417580081   -0.000081542   -0.000082556
   34.461705184   -0.000095579   -0.000081641
   34.505830286   -0.000094071   -0.000080885
   34.549955389   -0.000078198   -0.000080353
   34.594080492   -0.000059570   -0.000079980
   34.638205594   -0.000051693   -0.000079623
   34.682330697   -0.000060147   -0.000079161
   34.726455800   -0.000078602   -0.000078581
   34.770580902   -0.000093520   -0.000077983
   34.814706005   -0.000094055   -0.000077504
   34.858831108   -0.000079905   -0.000077214
   34.902956210   -0.000061443   -0.000077068
   34.947081313   -0.000052087   -0.000076934
   34.991206416   -0.000058526   -0.000076691
   35.035331518   -0.000075916   -0.000076318
   35.079456621   -0.000091500   -0.000075901
   35.123581724   -0.000093941   -0.000075573
   35.167706826   -0.000081547   -0.000075413
   35.211831929   -0.000063422   -0.000075388
   35.255957032   -0.000052761   -0.000075377
   35.300082134   -0.000057228   -0.000075262
   35.344207237   -0.000073431   -0.000075011
   35.388332340   -0.000089477   -0.000074699
   35.432457442   -0.000093684   -0.000074455
   35.476582545   -0.000083066   -0.000074361
   35.520707648   -0.000065439   -0.000074397
   35.564832750   -0.000053651   -0.000074454
   35.608957853   -0.000056207   -0.000074415
   35.653082956   -0.000071120   -0.000074240
   35.697208058   -0.000087436   -0.000073992
   35.741333161   -0.000093267   -0.000073792
   35.785458264   -0.000084435   -0.000073729
   35.829583366   -0.000067455   -0.000073794
   35.873708469   -0.000054718   -0.000073888
   35.917833572   -0.000055437   -0.000073896
   35.961958674   -0.000068976   -0.000073769
   36.006083777   -0.000085385   -0.000073561
   36.050208880   -0.000092700   -0.000073385
   36.094333982   -0.000085659   -0.000073334
   36.138459085   -0.000069477   -0.000073409
   36.182584188   -0.000055979   -0.000073522
   36.226709290   -0.000054955   -0.000073559
   36.270834393   -0.000067055   -0.000073466
   36.314959496   -0.000083381   -0.000073284
   36.359084598   -0.000092025   -0.000073121
   36.403209701   -0.000086746   -0.000073071
   36.447334804   -0.000071474   -0.000073146
   36.491459906   -0.000057378   -0.000073266
   36.535585009   -0.000054697   -0.000073323
   36.579710112   -0.000065297   -0.000073254
   36.623835214   -0.000081374   -0.000073091
   36.667960317   -0.000091191   -0.000072934
   36.712085420   -0.000087644   -0.000072879
   36.756210522   -0.000073395   -0.000072947
   36.800335625   -0.000058872   -0.000073069
   36.844460728   -0.000054637   -0.000073138
   36.888585830   -0.000063698   -0.000073087
   36.932710933   -0.000079372   -0.000072937
   36.976836036   -0.000090210   -0.000072782
   37.020961138   -0.000088351   -0.000072719
   37.065086241   -0.000075223   -0.000072775
   37.109211344   -0.000060441   -0.000072893
   37.153336446   -0.000054764   -0.000072968
   37.197461549   -0.000062261   -0.000072931
   37.241586652   -0.000077390   -0.000072791
   37.285711754   -0.000089092   -0.000072635
   37.329836857   -0.000088867   -0.000072559
   37.373961960   -0.000076945   -0.000072600
   37.418087062   -0.000062064   -0.000072708
   37.462212165   -0.000055065   -0.000072785
   37.506337268   -0.000060988   -0.000072755
   37.550462370   -0.000075440   -0.000072620
   37.594587473   -0.000087850   -0.000072459
   37.638712576   -0.000089192   -0.000072366
   37.682837678   -0.000078546   -0.000072387
   37.726962781   -0.000063723   -0.000072479
   37.771087884   -0.000055527   -0.000072550
   37.815212986   -0.000059878   -0.000072521
   37.859338089   -0.000073532   -0.000072384
   37.903463192   -0.000086494   -0.000072210
   37.947588294   -0.000089326   -0.000072094
   37.991713397   -0.000080015   -0.000072085
   38.035838500   -0.000065398   -0.000072153
   38.079963602   -0.000056133   -0.000072207
   38.124088705   -0.000058929   -0.000072166
   38.168213808   -0.000071676   -0.000072016
   38.212338910   -0.000085035   -0.000071819
   38.256464013   -0.000089269   -0.000071666
   38.300589116   -0.000081336   -0.000071614
   38.344714218   -0.000067064   -0.000071639
   38.388839321   -0.000056864   -0.000071658
   38.432964424   -0.000058131   -0.000071587
   38.477089526   -0.000069872   -0.000071404
   38.521214629   -0.000083474   -0.000071161
   38.565339732   -0.000089015   -0.000070949
   38.609464834   -0.000082488   -0.000070827
   38.653589937   -0.000068691   -0.000070782
   38.697715040   -0.000057692   -0.000070733
   38.741840142   -0.000057469   -0.000070598
   38.785965245   -0.000068116   -0.000070344
   38.830090348   -0.000081812   -0.000070017
   38.874215450   -0.000088553   -0.000069703
   38.918340553   -0.000083445   -0.000069466
   38.962465656   -0.000070245   -0.000069298
   39.006590758   -0.000058581   -0.000069127
   39.050715861   -0.000056916   -0.000068866
   39.094840964   -0.000066391   -0.000068478
   39.138966066   -0.000080029   -0.000067997
   39.183091169   -0.000087853   -0.000067506
   39.227216272   -0.000084162   -0.000067071
   39.271341374   -0.000071665   -0.000066691
   39.315466477   -0.000059467   -0.000066298
   39.359591580   -0.000056413   -0.000065805
   39.403716682   -0.000064647   -0.000065165
   39.447841785   -0.000078080   -0.000064405
   39.491966888   -0.000086860   -0.000063601
   39.536091990   -0.000084566   -0.000062820
   39.580217093   -0.000072863   -0.000062065
   39.624342196   -0.000060258   -0.000061275
   39.668467298   -0.000055874   -0.000060358
   39.712592401   -0.000062802   -0.000059260
   39.756717504   -0.000075878   -0.000057998
   39.800842606   -0.000085475   -0.000056637
   39.844967709   -0.000084534   -0.000055244
   39.889092812   -0.000073694   -0.000053827
   39.933217914   -0.000060794   -0.000052323
   39.977343017   -0.000055131   -0.000050641
   40.021468120   -0.000060686   -0.000048714
   40.065593222   -0.000073243   -0.000046545
   40.109718325   -0.000083492   -0.000044191
   40.153843428   -0.000083831   -0.000041711
   40.197968530   -0.000073894   -0.000039113
   40.242093633   -0.000060788   -0.000036334
   40.286218736   -0.000053886   -0.000033275
   40.330343838   -0.000057992   -0.000029858
   40.374468941   -0.000069853   -0.000026065
   40.418594044   -0.000080564   -0.000021938
   40.462719146   -0.000082070   -0.000017525
   40.506844249   -0.000073031   -0.000012827
   40.550969352   -0.000059769   -0.000007775
   40.595094454   -0.000051634   -0.000002255
   40.639219557   -0.000054179    0.000003831
   40.683344660   -0.000065123    0.000010526
   40.727469762   -0.000076044    0.000017815
   40.771594865   -0.000078529    0.000025669
   40.815719968   -0.000070303    0.000034105
   40.859845070   -0.000056858    0.000043210
   40.903970173   -0.000047425    0.000053123
   40.948095276   -0.000048227    0.000063975
   40.992220378   -0.000057955    0.000075847
   41.036345481   -0.000068742    0.000088764
   41.080470584   -0.000071911    0.000102736
   41.124595686   -0.000064298    0.000117817
   41.168720789   -0.000050527    0.000134129
   41.212845892   -0.000039612    0.000151856
   41.256970994   -0.000038367    0.000171184
   41.301096097   -0.000046440    0.000192259
   41.345221200   -0.000056582    0.000215172
   41.389346302   -0.000059947    0.000240003
   41.433471405   -0.000052529    0.000266870
   41.477596508   -0.000038053    0.000295971
   41.521721610   -0.000025229    0.000327569
   41.565846713   -0.000021371    0.000361945
   41.609971816   -0.000027061    0.000399351
   41.654096918   -0.000035730    0.000439995
   41.698222021   -0.000038450    0.000484074
   41.742347124   -0.000030429    0.000531830
   41.786472226   -0.000014473    0.000583591
   41.830597329    0.000001105    0.000639765
   41.874722432    0.000008580    0.000700799
   41.918847534    0.000006470    0.000767126
   41.962972637    0.000000624    0.000839151
   42.007097740   -0.000000034    0.000917280
   42.051222842    0.000010018    0.001001978
   42.095347945    0.000028918    0.001093809
   42.139473048    0.000048838    0.001193441
   42.183598150    0.000061747    0.001301608
   42.227723253    0.000065310    0.001419062
   42.271848356    0.000064625    0.001546552
   42.315973458    0.000068537    0.001684851
   42.360098561    0.000083242    0.001834816
   42.404223664    0.000107840    0.001997432
   42.448348766    0.000135075    0.002173828
   42.492473869    0.000156720    0.002365237
   42.536598972    0.000169647    0.002572958
   42.580724074    0.000178187    0.002798332
   42.624849177    0.000191042    0.003042768
   42.668974280    0.000215036    0.003307802
   42.713099382    0.000250253    0.003595149
   42.757224485    0.000290113    0.003906726
   42.801349588    0.000326318    0.004244621
   42.845474690    0.000355044    0.004611058
   42.889599793    0.000379872    0.005008372
   42.933724896    0.000409330    0.005439037
   42.977849998    0.000450844    0.005905719
   43.021975101    0.000505527    0.006411341
   43.066100204    0.000567597    0.006959106
   43.110225306    0.000628840    0.007552476
   43.154350409    0.000684857    0.008195139
   43.198475512    0.000738534    0.008890978
   43.242600614    0.000798217    0.009644096
   43.286725717    0.000871938    0.010458867
   43.330850820    0.000961902    0.011339997
   43.374975922    0.001063272    0.012292544
   43.419101025    0.001168116    0.013321909
   43.463226128    0.001271640    0.014433780
   43.507351230    0.001376154    0.015634104
   43.551476333    0.001489893    0.016929087
   43.595601436    0.001621572    0.018325232
   43.639726538    0.001774636    0.019829383
   43.683851641    0.001945434    0.021448737
   43.727976744    0.002126615    0.023190805
   43.772101846    0.002313282    0.025063345
   43.816226949    0.002507411    0.027074299
   43.860352052    0.002717320    0.029231755
   43.904477154    0.002952592    0.031543955
   43.948602257    0.003218176    0.034019298
   43.992727360    0.003511954    0.036666324
   44.036852462    0.003827580    0.039493636
   44.080977565    0.004160490    0.042509804
